 8.25068497  2.43594852 -1.51676288
  7.92949773  1.51156632 -1.56926343
  7.60831049  0.58718412 -1.62176398
  7.28712326 -0.33719808 -1.67426453
  6.96593602 -1.26158028 -1.72676508
  6.64474878 -2.18596248 -1.77926562
  6.32356155 -3.11034468 -1.83176617
  6.00237431 -4.03472688 -1.88426672
  5.68118707 -4.95910908 -1.93676727
  5.35999984 -5.88349128 -1.98926782
  6.15758686  0.54849146 -2.86001228
  5.52647097 -0.02177267 -3.34672735
  4.89535508 -0.59203679 -3.83344242
  4.26423919 -1.16230092 -4.32015749
  3.63312329 -1.73256504 -4.80687256
  3.0020074  -2.30282917 -5.29358763
  2.37089151 -2.87309329 -5.7803027 
  1.73977562 -3.44335741 -6.26701777
  1.10865973 -4.01362154 -6.75373284
  0.47754384 -4.58388566 -7.24044791
