-1.80386616  0.15614831 -0.68468042
 -1.39731721  0.12759382  0.18451611
 -0.99076826  0.09903933  1.05371263
 -0.75361471  0.08238254  1.56074393
 -2.08707744 -0.65704406 -1.10907356
 -2.37028872 -1.47023643 -1.5334667 
 -2.53549529 -1.94459865 -1.78102937
 -1.92720383  0.99789517 -1.12948379
 -2.0505415   1.83964202 -1.57428717
 -2.12248847  2.33066103 -1.83375581
  0.32208834 -0.34232066 -0.50286721
  0.36435627  0.45519177  0.02984974
  0.4066242   1.25270419  0.56256669
  0.43128049  1.71791977  0.87331825
  0.41701765 -1.2025937  -0.08751348
  0.51194695 -2.06286674  0.32784025
  0.56732238 -2.56469268  0.57012993
  0.18489111 -0.27956004 -1.4509379 
  0.04769388 -0.21679943 -2.39900858
 -0.03233784 -0.18018907 -2.95204982
