 9.38147725e-01  6.69505991e+00 -7.32468308e+00
  2.00508146e-01  6.15269227e+00 -7.61334413e+00
 -5.37131433e-01  5.61032464e+00 -7.90200517e+00
 -9.67421187e-01  5.29394352e+00 -8.07039078e+00
  1.00812731e+00  7.60614305e+00 -7.61901347e+00
  1.07810689e+00  8.51722619e+00 -7.91334385e+00
  1.11892831e+00  9.04869135e+00 -8.08503658e+00
  1.60580772e+00  6.32634441e+00 -6.74169166e+00
  2.27346772e+00  5.95762891e+00 -6.15870023e+00
  2.66293605e+00  5.74254487e+00 -5.81862189e+00
  5.99399403e+00 -7.60725943e+00  2.18411069e+00
  6.73534113e+00 -7.11813269e+00  1.81974891e+00
  7.47668823e+00 -6.62900595e+00  1.45538713e+00
  7.90914070e+00 -6.34368201e+00  1.24284275e+00
  5.09519359e+00 -7.34571604e+00  1.97114865e+00
  4.19639316e+00 -7.08417264e+00  1.75818661e+00
  3.67209290e+00 -6.93160567e+00  1.63395876e+00
  6.15144737e+00 -8.35792957e+00  2.76143451e+00
  6.30890070e+00 -9.10859970e+00  3.33875833e+00
  6.40074848e+00 -9.54649062e+00  3.67553056e+00
 -6.38773193e+00  6.76445575e+00 -2.99781432e+00
 -6.61592925e+00  6.76446675e+00 -3.93029809e+00
 -6.84412657e+00  6.76447776e+00 -4.86278186e+00
 -6.97724167e+00  6.76448418e+00 -5.40673073e+00
 -7.07337421e+00  6.87982141e+00 -2.33585856e+00
 -7.75901649e+00  6.99518708e+00 -1.67390281e+00
 -8.15897449e+00  7.06248372e+00 -1.28776195e+00
 -5.47389232e+00  6.64907908e+00 -2.72728631e+00
 -4.56005272e+00  6.53370241e+00 -2.45675829e+00
 -4.02697962e+00  6.46639935e+00 -2.29895028e+00
 -2.58684872e+00  3.02709446e+00 -3.92713035e+00
 -2.32556353e+00  3.47240063e+00 -4.73647111e+00
 -2.06427834e+00  3.91770680e+00 -5.54581186e+00
 -1.91186198e+00  4.17746874e+00 -6.01792730e+00
 -3.50806339e+00  3.02372587e+00 -3.65703373e+00
 -4.42927806e+00  3.02035729e+00 -3.38693711e+00
 -4.96665329e+00  3.01839228e+00 -3.22938075e+00
 -1.92691924e+00  2.58515686e+00 -3.38788621e+00
 -1.26698975e+00  2.14321927e+00 -2.84864207e+00
 -8.82030888e-01  1.88542234e+00 -2.53408298e+00
  5.29611018e+00 -6.90569757e+00 -6.70977255e+00
  4.73648826e+00 -6.98184840e+00 -5.93348371e+00
  4.17686634e+00 -7.05799923e+00 -5.15719487e+00
  3.85042022e+00 -7.10242055e+00 -4.70435972e+00
  5.95349703e+00 -6.20797512e+00 -6.76101606e+00
  6.61088388e+00 -5.51025266e+00 -6.81225956e+00
  6.99435955e+00 -5.10324789e+00 -6.84215161e+00
  5.19834525e+00 -7.52726920e+00 -7.43481787e+00
  5.10058032e+00 -8.14884083e+00 -8.15986320e+00
  5.04355078e+00 -8.51142429e+00 -8.58280631e+00
 -3.80709460e+00 -3.84495647e+00 -4.73566626e+00
 -4.44259521e+00 -4.56084026e+00 -4.80811883e+00
 -5.07809581e+00 -5.27672406e+00 -4.88057140e+00
 -5.44880450e+00 -5.69432294e+00 -4.92283540e+00
 -3.25272855e+00 -3.77237668e+00 -3.95527504e+00
 -2.69836251e+00 -3.69979690e+00 -3.17488381e+00
 -2.37498231e+00 -3.65745869e+00 -2.71965560e+00
 -3.72596004e+00 -3.20165246e+00 -5.44360491e+00
 -3.64482549e+00 -2.55834845e+00 -6.15154356e+00
 -3.59749700e+00 -2.18308778e+00 -6.56450778e+00
 -6.05345059e+00 -8.41225024e+00 -7.35654620e+00
 -5.50411647e+00 -8.80181308e+00 -8.04070467e+00
 -4.95478234e+00 -9.19137593e+00 -8.72486314e+00
 -4.63433743e+00 -9.41862092e+00 -9.12395558e+00
 -6.35467314e+00 -7.50471251e+00 -7.44163585e+00
 -6.65589570e+00 -6.59717478e+00 -7.52672550e+00
 -6.83160885e+00 -6.06777778e+00 -7.57636113e+00
 -6.30156217e+00 -8.93022512e+00 -6.58729809e+00
 -6.54967374e+00 -9.44820001e+00 -5.81804997e+00
 -6.69440549e+00 -9.75035202e+00 -5.36932190e+00
 -4.08955264e+00 -6.85231178e+00  4.20391592e+00
 -4.58462239e+00 -6.53127804e+00  4.96117629e+00
 -5.07969215e+00 -6.21024430e+00  5.71843667e+00
 -5.36848284e+00 -6.02297461e+00  6.16017188e+00
 -4.40931876e+00 -7.60899298e+00  3.70714314e+00
 -4.72908488e+00 -8.36567418e+00  3.21037036e+00
 -4.91561511e+00 -8.80707154e+00  2.92058624e+00
 -3.27471676e+00 -6.41666432e+00  3.94342832e+00
 -2.45988088e+00 -5.98101686e+00  3.68294072e+00
 -1.98455996e+00 -5.72688918e+00  3.53098963e+00
  1.60770995e+00 -2.61448611e+00 -6.35182324e+00
  2.45148273e+00 -3.03938159e+00 -6.52244368e+00
  3.29525551e+00 -3.46427706e+00 -6.69306412e+00
  3.78745629e+00 -3.71213275e+00 -6.79259272e+00
  1.33059603e+00 -1.86604647e+00 -6.88534548e+00
  1.05348210e+00 -1.11760684e+00 -7.41886772e+00
  8.91832314e-01 -6.81017048e-01 -7.73008903e+00
  1.04105110e+00 -2.93803027e+00 -5.64768056e+00
  4.74392244e-01 -3.26157444e+00 -4.94353787e+00
  1.43841246e-01 -3.45030853e+00 -4.53278798e+00
  9.43449851e-01  3.15133018e+00 -3.58356211e+00
  7.18371609e-01  3.71356001e+00 -2.83868803e+00
  4.93293367e-01  4.27578984e+00 -2.09381394e+00
  3.61997726e-01  4.60375724e+00 -1.65930405e+00
  2.60265502e-01  2.63840116e+00 -4.02146959e+00
 -4.22918846e-01  2.12547213e+00 -4.45937707e+00
 -8.21443049e-01  1.82626353e+00 -4.71482310e+00
  1.85171244e+00  3.10202938e+00 -3.89052872e+00
  2.75997503e+00  3.05272858e+00 -4.19749533e+00
  3.28979488e+00  3.02396978e+00 -4.37655918e+00
  3.53693496e+00  3.84388396e+00  3.04818277e+00
  3.06127904e+00  4.57408660e+00  3.45086820e+00
  2.58562313e+00  5.30428924e+00  3.85355363e+00
  2.30815718e+00  5.73024078e+00  4.08845346e+00
  3.93936799e+00  3.17008907e+00  3.60103728e+00
  4.34180102e+00  2.49629419e+00  4.15389179e+00
  4.57655362e+00  2.10324718e+00  4.47639026e+00
  3.61015784e+00  3.78747620e+00  2.09264283e+00
  3.68338072e+00  3.73106844e+00  1.13710290e+00
  3.72609406e+00  3.69816391e+00  5.79704598e-01
 -1.19547866e+00  3.61384068e+00  3.57353884e+00
 -1.57924334e+00  2.89455455e+00  3.06663438e+00
 -1.96300802e+00  2.17526842e+00  2.55972993e+00
 -2.18687076e+00  1.75568484e+00  2.26403567e+00
 -1.76377231e+00  4.27817926e+00  3.97014515e+00
 -2.33206597e+00  4.94251784e+00  4.36675147e+00
 -2.66357061e+00  5.33004868e+00  4.59810515e+00
 -2.43420313e-01  3.66878824e+00  3.68383697e+00
  7.08638029e-01  3.72373579e+00  3.79413511e+00
  1.26400540e+00  3.75578853e+00  3.85847569e+00
 -3.26085523e+00  7.47150202e+00 -5.83300255e+00
 -2.99197917e+00  7.43859493e+00 -4.91201244e+00
 -2.72310311e+00  7.40568784e+00 -3.99102233e+00
 -2.56625874e+00  7.38649204e+00 -3.45377809e+00
 -4.16354448e+00  7.70508688e+00 -6.06145438e+00
 -5.06623373e+00  7.93867173e+00 -6.28990620e+00
 -5.59280246e+00  8.07492956e+00 -6.42316976e+00
 -2.62704205e+00  7.27082426e+00 -6.52554084e+00
 -1.99322886e+00  7.07014650e+00 -7.21807913e+00
 -1.62350450e+00  6.95308447e+00 -7.62205979e+00
  2.04501843e+00 -1.95022080e+00 -3.05803978e+00
  2.48349513e+00 -2.04091353e+00 -3.90722351e+00
  2.92197184e+00 -2.13160627e+00 -4.75640724e+00
  3.17774992e+00 -2.18451037e+00 -5.25176441e+00
  1.24995557e+00 -2.45506709e+00 -2.87201484e+00
  4.54892717e-01 -2.95991338e+00 -2.68598990e+00
 -8.89394923e-03 -3.25440705e+00 -2.57747536e+00
  2.40160458e+00 -1.35468177e+00 -2.39488098e+00
  2.75819073e+00 -7.59142741e-01 -1.73172219e+00
  2.96619932e+00 -4.11744975e-01 -1.34487956e+00
  3.89879201e+00 -7.54889705e+00 -1.36519084e+00
  3.08890036e+00 -7.11905148e+00 -1.08074699e+00
  2.27900870e+00 -6.68920592e+00 -7.96303146e-01
  1.80657191e+00 -6.43846267e+00 -6.30377568e-01
  4.60407092e+00 -7.03085402e+00 -1.75992251e+00
  5.30934982e+00 -6.51281100e+00 -2.15465418e+00
  5.72076252e+00 -6.21061924e+00 -2.38491432e+00
  4.00340475e+00 -8.49678563e+00 -1.25490302e+00
  4.10801750e+00 -9.44467422e+00 -1.14461520e+00
  4.16904160e+00 -9.99760922e+00 -1.08028063e+00
  9.53652248e-01 -1.07321969e+00  2.40165477e+00
  7.24421977e-01 -1.97556790e+00  2.16751552e+00
  4.95191706e-01 -2.87791611e+00  1.93337627e+00
  3.61474047e-01 -3.40428590e+00  1.79679504e+00
  1.38035970e+00 -8.88905161e-01  3.24162436e+00
  1.80706715e+00 -7.04590632e-01  4.08159395e+00
  2.05597983e+00 -5.97073824e-01  4.57157620e+00
  7.56175068e-01 -3.55186008e-01  1.79582444e+00
  5.58697888e-01  3.62847674e-01  1.18999410e+00
  4.43502867e-01  7.81700655e-01  8.36593076e-01
 -6.40581516e+00  3.68611016e+00 -2.49105508e-01
 -5.76198080e+00  3.66253618e+00 -9.60808799e-01
 -5.11814643e+00  3.63896220e+00 -1.67251209e+00
 -4.74257638e+00  3.62521072e+00 -2.08767234e+00
 -7.11770830e+00  4.32991821e+00 -2.66975857e-01
 -7.82960144e+00  4.97372626e+00 -2.84846206e-01
 -8.24487244e+00  5.34928096e+00 -2.95270576e-01
 -6.33775639e+00  3.06587608e+00  4.80468132e-01
 -6.26969762e+00  2.44564201e+00  1.21004177e+00
 -6.22999667e+00  2.08383880e+00  1.63562640e+00
 -6.88197191e+00 -3.46502615e+00  4.18962737e+00
 -6.18798452e+00 -3.03043986e+00  3.68851235e+00
 -5.49399714e+00 -2.59585356e+00  3.18739733e+00
 -5.08917116e+00 -2.34234489e+00  2.89508024e+00
 -7.23608000e+00 -3.04940043e+00  4.97922393e+00
 -7.59018808e+00 -2.63377471e+00  5.76882049e+00
 -7.79675113e+00 -2.39132638e+00  6.22941848e+00
 -7.22185121e+00 -4.31523816e+00  3.90114583e+00
 -7.56173051e+00 -5.16545017e+00  3.61266429e+00
 -7.75999344e+00 -5.66140717e+00  3.44438339e+00
 -1.61284485e+00 -4.61036515e+00  7.32573233e+00
 -2.19384683e+00 -4.59176878e+00  8.08972897e+00
 -2.77484881e+00 -4.57317241e+00  8.85372562e+00
 -3.11376663e+00 -4.56232452e+00  9.29939033e+00
 -1.32475256e+00 -3.78857520e+00  6.92167280e+00
 -1.03666026e+00 -2.96678524e+00  6.51761328e+00
 -8.68606423e-01 -2.48740776e+00  6.28191190e+00
 -1.31993517e+00 -5.45075148e+00  6.96579520e+00
 -1.02702549e+00 -6.29113781e+00  6.60585807e+00
 -8.56161504e-01 -6.78136317e+00  6.39589475e+00
 -6.63956731e+00 -7.53151799e+00  4.21928428e+00
 -6.22862704e+00 -8.15465798e+00  4.82296023e+00
 -5.81768678e+00 -8.77779797e+00  5.42663618e+00
 -5.57797162e+00 -9.14129629e+00  5.77878049e+00
 -6.10696958e+00 -6.86052158e+00  3.78603668e+00
 -5.57437186e+00 -6.18952517e+00  3.35278909e+00
 -5.26368985e+00 -5.79811060e+00  3.10006132e+00
 -7.58310530e+00 -7.57937442e+00  4.04885592e+00
 -8.52664329e+00 -7.62723084e+00  3.87842757e+00
 -9.07704045e+00 -7.65514709e+00  3.77901103e+00
 -1.26074720e+00 -7.82890529e+00 -1.56456762e+00
 -2.03062447e+00 -7.30438113e+00 -1.79643694e+00
 -2.80050175e+00 -6.77985697e+00 -2.02830627e+00
 -3.24959683e+00 -6.47388454e+00 -2.16356338e+00
 -1.08351206e+00 -8.04085764e+00 -6.45185264e-01
 -9.06276923e-01 -8.25280999e+00  2.74197087e-01
 -8.02889759e-01 -8.37644886e+00  8.10503459e-01
 -6.68105060e-01 -8.14147711e+00 -2.25208064e+00
 -7.54629216e-02 -8.45404892e+00 -2.93959366e+00
  2.70244992e-01 -8.63638248e+00 -3.34064293e+00
 -4.86123202e+00  2.90172893e+00 -8.79049316e+00
 -5.33366778e+00  3.62904604e+00 -8.37889350e+00
 -5.80610354e+00  4.35636314e+00 -7.96729383e+00
 -6.08169107e+00  4.78063145e+00 -7.72719403e+00
 -3.90148969e+00  2.88398725e+00 -8.77708101e+00
 -2.94174735e+00  2.86624556e+00 -8.76366886e+00
 -2.38189766e+00  2.85589624e+00 -8.75584511e+00
 -5.34853859e+00  2.19215352e+00 -9.21550497e+00
 -5.83584516e+00  1.48257811e+00 -9.64051678e+00
 -6.12010733e+00  1.06865912e+00 -9.88844034e+00
  6.25124188e+00 -1.92332894e+00 -4.33742667e+00
  7.06944996e+00 -2.26212911e+00 -4.70803426e+00
  7.88765804e+00 -2.60092929e+00 -5.07864184e+00
  8.36494609e+00 -2.79856272e+00 -5.29482960e+00
  6.22687374e+00 -1.04493284e+00 -3.95086946e+00
  6.20250560e+00 -1.66536736e-01 -3.56431224e+00
  6.18829085e+00  3.45860990e-01 -3.33882053e+00
  5.45740195e+00 -2.46292487e+00 -4.35337630e+00
  4.66356201e+00 -3.00252080e+00 -4.36932594e+00
  4.20048872e+00 -3.31728509e+00 -4.37862989e+00
 -2.83282060e+00  1.29154482e+00  8.59393188e+00
 -1.92222704e+00  9.87741466e-01  8.58284645e+00
 -1.01163348e+00  6.83938113e-01  8.57176103e+00
 -4.80453899e-01  5.06719491e-01  8.56529453e+00
 -3.07543660e+00  2.06220059e+00  9.11241733e+00
 -3.31805259e+00  2.83285636e+00  9.63090278e+00
 -3.45957858e+00  3.28240556e+00  9.93335262e+00
 -3.50079817e+00  8.24692399e-01  8.08653185e+00
 -4.16877574e+00  3.57839979e-01  7.57913183e+00
 -4.55842932e+00  8.55094007e-02  7.28314848e+00
 -3.49395964e+00 -2.32254781e+00  1.69130470e-01
 -3.10559877e+00 -2.35870038e+00  1.04632419e+00
 -2.71723791e+00 -2.39485295e+00  1.92351792e+00
 -2.49069407e+00 -2.41594194e+00  2.43521426e+00
 -4.44517036e+00 -2.39541549e+00  6.19462401e-02
 -5.39638109e+00 -2.46828318e+00 -4.52379897e-02
 -5.95125401e+00 -2.51078933e+00 -1.07762124e-01
 -2.93110978e+00 -2.21352756e+00 -6.00879025e-01
 -2.36825992e+00 -2.10450731e+00 -1.37088852e+00
 -2.03993084e+00 -2.04091216e+00 -1.82006072e+00
  4.97096527e+00  2.29049167e+00  6.67293393e+00
  5.66027282e+00  2.41788245e+00  6.01701724e+00
  6.34958036e+00  2.54527322e+00  5.36110056e+00
  6.75167643e+00  2.61958450e+00  4.97848249e+00
  4.06445089e+00  2.14211000e+00  6.39398133e+00
  3.15793650e+00  1.99372833e+00  6.11502874e+00
  2.62913644e+00  1.90717235e+00  5.95230639e+00
  5.18817211e+00  2.31148258e+00  7.60780321e+00
  5.40537895e+00  2.33247348e+00  8.54267249e+00
  5.53208294e+00  2.34471817e+00  9.08801290e+00
 -1.07353652e+00 -4.22441681e-01 -2.72722795e+00
 -1.33119524e+00 -6.73734446e-01 -3.61720768e+00
 -1.58885396e+00 -9.25027211e-01 -4.50718742e+00
 -1.73915488e+00 -1.07161466e+00 -5.02634227e+00
 -1.56919099e+00  2.51423535e-01 -2.25623717e+00
 -2.06484547e+00  9.25288752e-01 -1.78524640e+00
 -2.35397724e+00  1.31837679e+00 -1.51050178e+00
 -3.20223316e-01 -8.45014132e-01 -2.30823899e+00
  4.33089882e-01 -1.26758658e+00 -1.88925003e+00
  8.72522582e-01 -1.51408718e+00 -1.64483981e+00
  7.16086138e+00  8.80934035e+00  7.64611721e+00
  6.35264852e+00  9.10520796e+00  7.22084750e+00
  5.54443566e+00  9.40107558e+00  6.79557779e+00
  5.07297816e+00  9.57366502e+00  6.54750380e+00
  7.99115581e+00  8.82784731e+00  7.16458979e+00
  8.82145024e+00  8.84635426e+00  6.68306237e+00
  9.30578865e+00  8.85714999e+00  6.40217138e+00
  7.13877982e+00  8.49496578e+00  8.55291434e+00
  7.11669825e+00  8.18059121e+00  9.45971147e+00
  7.10381734e+00  7.99720604e+00  9.98867646e+00
  6.74981397e+00 -2.49721408e+00 -1.06257623e+00
  6.81745627e+00 -2.62410039e+00 -1.13405869e-01
  6.88509858e+00 -2.75098670e+00  8.35764496e-01
  6.92455659e+00 -2.82500372e+00  1.38944721e+00
  7.44826716e+00 -2.81373097e+00 -1.64014025e+00
  8.14672036e+00 -3.13024786e+00 -2.21770426e+00
  8.55415139e+00 -3.31488272e+00 -2.55461661e+00
  5.98371846e+00 -2.05381087e+00 -1.43418258e+00
  5.21762296e+00 -1.61040767e+00 -1.80578894e+00
  4.77073392e+00 -1.35175580e+00 -2.02255931e+00
  6.99805625e+00  4.51656878e+00  1.21431322e+00
  6.59966834e+00  4.08246563e+00  1.97223243e+00
  6.20128044e+00  3.64836248e+00  2.73015164e+00
  5.96888749e+00  3.39513564e+00  3.17227118e+00
  7.88576405e+00  4.27879472e+00  9.36755388e-01
  8.77347186e+00  4.04102066e+00  6.59197552e-01
  9.29130141e+00  3.90231913e+00  4.97288815e-01
  6.50873635e+00  5.18844600e+00  7.33951850e-01
  6.01941646e+00  5.86032321e+00  2.53590477e-01
  5.73397985e+00  6.25225158e+00 -2.66203247e-02
 -7.01683261e-01 -1.75737384e+00 -6.09087954e+00
 -5.94246419e-01 -2.62605138e+00 -6.48515946e+00
 -4.86809577e-01 -3.49472892e+00 -6.87943938e+00
 -4.24138086e-01 -4.00145748e+00 -7.10943600e+00
 -1.28376991e+00 -1.11306509e+00 -6.50031984e+00
 -1.86585656e+00 -4.68756335e-01 -6.90976015e+00
 -2.20540710e+00 -9.29095626e-02 -7.14860033e+00
 -2.27033454e-01 -1.53300505e+00 -5.28715930e+00
  2.47616353e-01 -1.30863627e+00 -4.48343907e+00
  5.24495407e-01 -1.17775447e+00 -4.01460227e+00
  3.07334753e+00 -2.61396530e+00  6.50043509e+00
  2.46141170e+00 -2.67532232e+00  5.76329884e+00
  1.84947587e+00 -2.73667934e+00  5.02616259e+00
  1.49251330e+00 -2.77247094e+00  4.59616644e+00
  3.21639290e+00 -1.77083174e+00  6.93662752e+00
  3.35943826e+00 -9.27698189e-01  7.37281995e+00
  3.44288138e+00 -4.35870283e-01  7.62726554e+00
  3.54223800e+00 -3.39574183e+00  6.80137891e+00
  4.01112847e+00 -4.17751836e+00  7.10232274e+00
  4.28464792e+00 -4.63355467e+00  7.27787330e+00
  6.09381125e+00  5.35305857e+00 -3.56037490e+00
  6.82898455e+00  5.29042015e+00 -4.17453827e+00
  7.56415785e+00  5.22778172e+00 -4.78870164e+00
  7.99300894e+00  5.19124264e+00 -5.14696360e+00
  5.19413152e+00  5.23944641e+00 -3.87544421e+00
  4.29445180e+00  5.12583426e+00 -4.19051352e+00
  3.76963862e+00  5.05956050e+00 -4.37430395e+00
  6.25831767e+00  5.52930915e+00 -2.63114222e+00
  6.42282410e+00  5.70555973e+00 -1.70190954e+00
  6.51878618e+00  5.80837256e+00 -1.15985715e+00
 -7.65969519e+00 -3.99169118e+00 -1.89822833e+00
 -8.46598358e+00 -3.61797717e+00 -2.26132180e+00
 -9.27227197e+00 -3.24426315e+00 -2.62441527e+00
 -9.74260686e+00 -3.02626331e+00 -2.83621980e+00
 -7.60648257e+00 -4.20113306e+00 -9.62866093e-01
 -7.55326996e+00 -4.41057493e+00 -2.75038530e-02
 -7.52222926e+00 -4.53274935e+00  5.18124120e-01
 -6.90661942e+00 -4.15596333e+00 -2.47049710e+00
 -6.15354365e+00 -4.32023547e+00 -3.04276587e+00
 -5.71424945e+00 -4.41606089e+00 -3.37658932e+00
  3.93133449e-01 -6.54038619e+00  1.72977055e+00
 -2.55760063e-01 -6.83740120e+00  2.37189148e+00
 -9.04653575e-01 -7.13441621e+00  3.01401242e+00
 -1.28317479e+00 -7.30767497e+00  3.38858296e+00
  1.20426406e+00 -7.03767284e+00  1.60181302e+00
  2.01539466e+00 -7.53495948e+00  1.47385549e+00
  2.48855418e+00 -7.82504336e+00  1.39921359e+00
  2.30896353e-01 -5.74608454e+00  1.21560715e+00
  6.86592578e-02 -4.95178288e+00  7.01443744e-01
 -2.59790479e-02 -4.48844025e+00  4.01515093e-01
  5.41755969e+00  7.29947286e+00 -5.47716531e+00
  6.13453530e+00  7.93682335e+00 -5.51363895e+00
  6.85151091e+00  8.57417384e+00 -5.55011258e+00
  7.26974669e+00  8.94596163e+00 -5.57138887e+00
  4.61070085e+00  7.51132777e+00 -5.00209026e+00
  3.80384200e+00  7.72318267e+00 -4.52701521e+00
  3.33317434e+00  7.84676470e+00 -4.24988810e+00
  5.50744293e+00  6.45026746e+00 -5.91576672e+00
  5.59732616e+00  5.60106206e+00 -6.35436812e+00
  5.64975805e+00  5.10569225e+00 -6.61021895e+00
 -6.80808288e+00 -3.35978484e+00 -7.35539021e+00
 -6.63984183e+00 -2.45748988e+00 -7.63674186e+00
 -6.47160078e+00 -1.55519492e+00 -7.91809352e+00
 -6.37346017e+00 -1.02885620e+00 -8.08221532e+00
 -6.63125687e+00 -4.08985068e+00 -7.95316645e+00
 -6.45443087e+00 -4.81991652e+00 -8.55094269e+00
 -6.35128237e+00 -5.24578826e+00 -8.89964550e+00
 -7.15314992e+00 -3.53201397e+00 -6.47626231e+00
 -7.49821697e+00 -3.70424309e+00 -5.59713441e+00
 -7.69950608e+00 -3.80471008e+00 -5.08430981e+00
  4.29129021e+00  7.98919377e-01 -7.20797263e-01
  3.33574732e+00  7.94052886e-01 -6.28525376e-01
  2.38020443e+00  7.89186396e-01 -5.36253489e-01
  1.82280441e+00  7.86347609e-01 -4.82428221e-01
  4.70437564e+00  1.32532622e+00 -1.40916945e+00
  5.11746107e+00  1.85173307e+00 -2.09754163e+00
  5.35842757e+00  2.15880373e+00 -2.49909207e+00
  4.83374767e+00  2.77379023e-01 -1.24696967e-01
  5.37620513e+00 -2.44161331e-01  4.71403328e-01
  5.69263865e+00 -5.48393205e-01  8.19128500e-01
  5.51153375e-01  1.03752825e+00  5.15620618e+00
 -3.73887818e-01  1.21527966e+00  5.34141748e+00
 -1.29892901e+00  1.39303108e+00  5.52662877e+00
 -1.83853637e+00  1.49671941e+00  5.63466869e+00
  9.65302360e-01  2.42495406e-01  5.49972242e+00
  1.37945134e+00 -5.52537433e-01  5.84323865e+00
  1.62103825e+00 -1.01630659e+00  6.04362312e+00
  1.06204558e+00  1.65480967e+00  4.62747866e+00
  1.57293779e+00  2.27209109e+00  4.09875113e+00
  1.87095825e+00  2.63217192e+00  3.79032674e+00
 -3.53981232e-01  5.83976229e+00 -4.20140376e+00
 -5.57201393e-01  6.63740051e+00 -4.69544306e+00
 -7.60421553e-01  7.43503874e+00 -5.18948235e+00
 -8.78966647e-01  7.90032770e+00 -5.47767195e+00
 -1.94892607e-02  5.06441924e+00 -4.65808557e+00
  3.15002711e-01  4.28907619e+00 -5.11476739e+00
  5.10123027e-01  3.83679275e+00 -5.38116511e+00
 -4.85253043e-01  5.81746711e+00 -3.25068264e+00
 -6.16524854e-01  5.79517193e+00 -2.29996153e+00
 -6.93100077e-01  5.78216641e+00 -1.74537421e+00
  6.57943964e+00 -3.51982214e+00  4.53719698e+00
  7.00186601e+00 -4.07401514e+00  5.19751969e+00
  7.42429239e+00 -4.62820814e+00  5.85784240e+00
  7.67070777e+00 -4.95148739e+00  6.24303064e+00
  5.64068671e+00 -3.32904358e+00  4.60001799e+00
  4.70193378e+00 -3.13826501e+00  4.66283901e+00
  4.15432791e+00 -3.02697752e+00  4.69948460e+00
  7.09576619e+00 -3.15640771e+00  3.81405326e+00
  7.61209274e+00 -2.79299328e+00  3.09090954e+00
  7.91328323e+00 -2.58100153e+00  2.66907570e+00
  3.31536679e+00  7.40231581e+00 -8.61111166e-01
  3.84378414e+00  8.19604893e+00 -9.72299448e-01
  4.37220148e+00  8.98978206e+00 -1.08348773e+00
  4.68044494e+00  9.45279305e+00 -1.14834756e+00
  3.65024487e+00  6.67253821e+00 -3.34916019e-01
  3.98512295e+00  5.94276061e+00  1.91279127e-01
  4.18046850e+00  5.51705702e+00  4.98226295e-01
  2.45207136e+00  7.33836028e+00 -1.27611803e+00
  1.58877594e+00  7.27440475e+00 -1.69112489e+00
  1.08518694e+00  7.23709736e+00 -1.93321223e+00
 -3.75846356e+00 -6.58084438e-01  3.90826970e+00
 -3.91955328e+00  1.22690879e-01  4.44309677e+00
 -4.08064301e+00  9.03466196e-01  4.97792385e+00
 -4.17461202e+00  1.35891846e+00  5.28990632e+00
 -4.15209021e+00 -7.31836914e-01  3.03579125e+00
 -4.54571686e+00 -8.05589390e-01  2.16331281e+00
 -4.77533241e+00 -8.48611668e-01  1.65436705e+00
 -3.20374718e+00 -1.36510728e+00  4.24592106e+00
 -2.64903080e+00 -2.07213012e+00  4.58357242e+00
 -2.32544625e+00 -2.48456011e+00  4.78053572e+00
  3.51662793e+00 -4.91395526e+00  1.14356063e+00
  3.38010589e+00 -4.20524977e+00  5.10553313e-01
  3.24358384e+00 -3.49654429e+00 -1.22454007e-01
  3.16394598e+00 -3.08313275e+00 -4.91708277e-01
  2.79380540e+00 -5.20048386e+00  1.70661386e+00
  2.07098287e+00 -5.48701247e+00  2.26966710e+00
  1.64933639e+00 -5.65415415e+00  2.59811482e+00
  4.37597252e+00 -5.33613214e+00  1.21351472e+00
  5.23531710e+00 -5.75830902e+00  1.28346881e+00
  5.73660143e+00 -6.00457887e+00  1.32427536e+00
 -7.78204371e+00  4.96891411e+00  3.24013167e+00
 -8.47913447e+00  5.42198666e+00  2.76014235e+00
 -9.17622522e+00  5.87505921e+00  2.28015303e+00
 -9.58286149e+00  6.13935153e+00  2.00015926e+00
 -8.00447405e+00  4.29977568e+00  3.89157506e+00
 -8.22690438e+00  3.63063724e+00  4.54301846e+00
 -8.35665541e+00  3.24030649e+00  4.92302711e+00
 -6.86252262e+00  5.18498000e+00  3.06867758e+00
 -5.94300154e+00  5.40104588e+00  2.89722350e+00
 -5.40661423e+00  5.52708431e+00  2.79720862e+00
 -5.70762148e+00 -6.52891078e+00  3.80337237e-01
 -5.13683785e+00 -6.21638985e+00 -3.25450772e-01
 -4.56605422e+00 -5.90386891e+00 -1.03123878e+00
 -4.23309711e+00 -5.72156503e+00 -1.44294845e+00
 -6.28258506e+00 -5.91330908e+00  8.40827663e-01
 -6.85754864e+00 -5.29770739e+00  1.30131809e+00
 -7.19294406e+00 -4.93860640e+00  1.56993750e+00
 -5.70344153e+00 -7.45703342e+00  6.25634819e-01
 -5.69926158e+00 -8.38515605e+00  8.70932402e-01
 -5.69682328e+00 -8.92656092e+00  1.01402266e+00
  5.63372999e+00  7.85622436e-01  2.88781840e+00
  5.59400141e+00  1.38862839e+00  2.14189250e+00
  5.55427283e+00  1.99163435e+00  1.39596659e+00
  5.53109782e+00  2.34338782e+00  9.60843144e-01
  6.45368746e+00  6.78763720e-01  3.37551806e+00
  7.27364493e+00  5.71905004e-01  3.86321772e+00
  7.75195346e+00  5.09570753e-01  4.14770919e+00
  4.85350110e+00  2.89475197e-01  3.14604465e+00
  4.07327221e+00 -2.06672042e-01  3.40427090e+00
  3.61813869e+00 -4.96091264e-01  3.55490288e+00
  1.13574966e+00  6.00814209e+00  4.14206628e-01
  3.78999744e-01  6.23047727e+00 -1.33056226e-01
 -3.77750172e-01  6.45281245e+00 -6.80319081e-01
 -8.19187623e-01  6.58250798e+00 -9.99555746e-01
  1.70945952e+00  6.70304678e+00  7.45211872e-01
  2.28316937e+00  7.39795147e+00  1.07621712e+00
  2.61783346e+00  7.80331254e+00  1.26930351e+00
  1.31878972e+00  5.09090222e+00  6.30464237e-01
  1.50182978e+00  4.17366234e+00  8.46721847e-01
  1.60860314e+00  3.63860575e+00  9.72872119e-01
 -1.13532177e+00  7.22306739e+00  2.49654939e+00
 -6.61316139e-01  6.39524504e+00  2.38871236e+00
 -1.87310505e-01  5.56742270e+00  2.28087534e+00
  8.91927822e-02  5.08452633e+00  2.21797040e+00
 -6.53002907e-01  8.05276356e+00  2.52048209e+00
 -1.70684039e-01  8.88245973e+00  2.54441479e+00
  1.10668633e-01  9.36644916e+00  2.55837554e+00
 -2.09164628e+00  7.22119356e+00  2.58045371e+00
 -3.04797078e+00  7.21931973e+00  2.66435803e+00
 -3.60582674e+00  7.21822667e+00  2.71330222e+00
 -5.52627378e+00  6.57079788e+00  6.31358190e+00
 -4.80124660e+00  6.24115958e+00  6.84956154e+00
 -4.07621942e+00  5.91152127e+00  7.38554118e+00
 -3.65328690e+00  5.71923226e+00  7.69819597e+00
 -5.38070669e+00  6.78630571e+00  5.38947877e+00
 -5.23513961e+00  7.00181353e+00  4.46537564e+00
 -5.15022547e+00  7.12752642e+00  3.92631548e+00
 -6.39686806e+00  6.68492837e+00  6.70170540e+00
 -7.26746233e+00  6.79905886e+00  7.08982889e+00
 -7.77530898e+00  6.86563497e+00  7.31623427e+00
 -6.41635788e-02  1.29027502e+00 -6.76543202e+00
 -9.94991365e-01  1.42001561e+00 -6.56965917e+00
 -1.92581915e+00  1.54975620e+00 -6.37388631e+00
 -2.46880203e+00  1.62543822e+00 -6.25968548e+00
  5.39439029e-01  1.01944646e+00 -6.06979146e+00
  1.14304164e+00  7.48617902e-01 -5.37415091e+00
  1.49514316e+00  5.90634576e-01 -4.96836058e+00
  2.63061600e-01  1.43136298e+00 -7.65684543e+00
  5.90286779e-01  1.57245095e+00 -8.54825884e+00
  7.81168133e-01  1.65475226e+00 -9.06825000e+00
 -3.70952295e+00  4.99761387e+00  1.61992594e+00
 -4.05347470e+00  4.78965132e+00  2.49173370e+00
 -4.39742645e+00  4.58168878e+00  3.36354146e+00
 -4.59806498e+00  4.46037729e+00  3.87209598e+00
 -4.05210985e+00  5.75286642e+00  1.13636850e+00
 -4.39469676e+00  6.50811898e+00  6.52811072e-01
 -4.59453912e+00  6.94868297e+00  3.70735903e-01
 -3.02298429e+00  4.45032386e+00  1.23167561e+00
 -2.33644563e+00  3.90303385e+00  8.43425281e-01
 -1.93596475e+00  3.58378134e+00  6.16945923e-01
  5.52789756e+00 -4.68336362e+00 -3.31289697e+00
  4.69620905e+00 -5.16276102e+00 -3.30439028e+00
  3.86452054e+00 -5.64215841e+00 -3.29588360e+00
  3.37936891e+00 -5.92180689e+00 -3.29092137e+00
  5.93962034e+00 -4.45126647e+00 -4.14848973e+00
  6.35134312e+00 -4.21916931e+00 -4.98408249e+00
  6.59151474e+00 -4.08377930e+00 -5.47151160e+00
  5.94786329e+00 -4.43606338e+00 -2.48581089e+00
  6.36782902e+00 -4.18876315e+00 -1.65872481e+00
  6.61280902e+00 -4.04450467e+00 -1.17625793e+00
  8.74512964e+00  6.11969300e+00  3.61039555e+00
  9.13186855e+00  6.97844292e+00  3.79635681e+00
  9.51860746e+00  7.83719285e+00  3.98231806e+00
  9.74420516e+00  8.33813030e+00  4.09079546e+00
  7.99464765e+00  6.04982961e+00  3.01584035e+00
  7.24416565e+00  5.97996622e+00  2.42128515e+00
  6.80638449e+00  5.93921258e+00  2.07446129e+00
  9.10887273e+00  5.33080647e+00  4.01898949e+00
  9.47261581e+00  4.54191994e+00  4.42758343e+00
  9.68479928e+00  4.08173613e+00  4.66592990e+00
 -2.06472652e+00  4.87446622e+00  6.50818076e+00
 -1.91507660e+00  5.74741079e+00  6.13781247e+00
 -1.76542668e+00  6.62035537e+00  5.76744418e+00
 -1.67813089e+00  7.12957304e+00  5.55139601e+00
 -2.79797072e+00  4.33958087e+00  6.19536994e+00
 -3.53121492e+00  3.80469551e+00  5.88255913e+00
 -3.95894070e+00  3.49267905e+00  5.70008616e+00
 -1.48113225e+00  4.53640700e+00  7.19135986e+00
 -8.97537974e-01  4.19834778e+00  7.87453896e+00
 -5.57107980e-01  4.00114657e+00  8.27306011e+00
 -2.52663906e+00 -4.31954521e+00  2.72727612e+00
 -3.15735103e+00 -3.67565686e+00  3.05774578e+00
 -3.78806301e+00 -3.03176850e+00  3.38821543e+00
 -4.15597832e+00 -2.65616696e+00  3.58098939e+00
 -2.82419785e+00 -5.03728364e+00  2.16344077e+00
 -3.12175665e+00 -5.75502208e+00  1.59960541e+00
 -3.29533261e+00 -6.17370283e+00  1.27070146e+00
 -1.59836829e+00 -4.24569514e+00  2.96064182e+00
 -6.70097527e-01 -4.17184506e+00  3.19400753e+00
 -1.28606246e-01 -4.12876585e+00  3.33013752e+00
 -4.93893284e+00  9.98998980e-01 -1.57704236e-02
 -4.22143109e+00  1.59214351e+00 -2.50228967e-01
 -3.50392935e+00  2.18528804e+00 -4.84687511e-01
 -3.08538666e+00  2.53128902e+00 -6.21454994e-01
 -5.20168054e+00  9.02957431e-01  9.02564847e-01
 -5.46442823e+00  8.06915882e-01  1.82090012e+00
 -5.61769772e+00  7.50891645e-01  2.35659569e+00
 -5.39368689e+00  5.01895998e-01 -6.99647151e-01
 -5.84844094e+00  4.79301551e-03 -1.38352388e+00
 -6.11371414e+00 -2.85183724e-01 -1.78245197e+00
 -6.44266030e+00  1.66374146e+00  4.94059653e+00
 -6.11961541e+00  1.23426724e+00  5.73607996e+00
 -5.79657052e+00  8.04793030e-01  6.53156340e+00
 -5.60812767e+00  5.54266404e-01  6.99559540e+00
 -6.01739923e+00  2.46239821e+00  4.61981557e+00
 -5.59213816e+00  3.26105496e+00  4.29903462e+00
 -5.34406920e+00  3.72693806e+00  4.11191240e+00
 -7.19096626e+00  1.29455893e+00  4.46589404e+00
 -7.93927222e+00  9.25376394e-01  3.99119156e+00
 -8.37578403e+00  7.10019916e-01  3.71428177e+00
  4.47429898e+00 -2.08550357e+00 -7.18511983e+00
  4.12309140e+00 -1.26177878e+00 -6.83909858e+00
  3.77188382e+00 -4.38053991e-01 -6.49307732e+00
  3.56701273e+00  4.24521355e-02 -6.29123159e+00
  4.04117163e+00 -2.51921812e+00 -7.92396514e+00
  3.60804428e+00 -2.95293268e+00 -8.66281044e+00
  3.35538666e+00 -3.20593284e+00 -9.09380353e+00
  5.25863391e+00 -2.47551380e+00 -6.79229578e+00
  6.04296884e+00 -2.86552403e+00 -6.39947173e+00
  6.50049755e+00 -3.09303000e+00 -6.17032437e+00
 -5.01278170e+00  7.45539980e-01 -3.27148545e+00
 -5.77157957e+00  1.13869992e+00 -2.83416285e+00
 -6.53037744e+00  1.53185987e+00 -2.39684026e+00
 -6.97300953e+00  1.76120317e+00 -2.14173541e+00
 -4.93805674e+00  7.81557334e-01 -4.22789484e+00
 -4.86333178e+00  8.17574687e-01 -5.18430423e+00
 -4.81974221e+00  8.38584810e-01 -5.74220971e+00
 -4.32870880e+00  3.16362683e-01 -2.75239864e+00
 -3.64463589e+00 -1.12814614e-01 -2.23331184e+00
 -3.24559336e+00 -3.63168038e-01 -1.93051121e+00
  5.37764212e+00  2.67082129e+00 -4.38257948e+00
  6.00806113e+00  2.92060867e+00 -3.70303689e+00
  6.63848014e+00  3.17039604e+00 -3.02349429e+00
  7.00622456e+00  3.31610535e+00 -2.62709444e+00
  4.92037000e+00  1.82856336e+00 -4.32686784e+00
  4.46309788e+00  9.86305427e-01 -4.27115619e+00
  4.19635581e+00  4.94988301e-01 -4.23865773e+00
  5.20449524e+00  3.26329184e+00 -5.11783373e+00
  5.03134835e+00  3.85576239e+00 -5.85308797e+00
  4.93034600e+00  4.20137021e+00 -6.28198628e+00
  7.18250896e-01  7.86513948e+00  4.62753687e+00
 -1.70947445e-01  8.11696606e+00  4.88736313e+00
 -1.06014579e+00  8.36879264e+00  5.14718939e+00
 -1.57884482e+00  8.51569148e+00  5.29875471e+00
  1.02573382e+00  6.96790546e+00  4.77594634e+00
  1.33321674e+00  6.07067145e+00  4.92435581e+00
  1.51258178e+00  5.54728494e+00  5.01092800e+00
  1.29996631e+00  8.51054692e+00  4.21930114e+00
  1.88168173e+00  9.15595436e+00  3.81106541e+00
  2.22101573e+00  9.53244203e+00  3.57292790e+00
 -2.13175522e+00 -4.97012179e+00 -4.32053139e+00
 -1.70099563e+00 -5.12424559e+00 -3.47655744e+00
 -1.27023604e+00 -5.27836938e+00 -2.63258349e+00
 -1.01895961e+00 -5.36827493e+00 -2.14026535e+00
 -2.83183927e+00 -5.55663562e+00 -4.61630808e+00
 -3.53192331e+00 -6.14314945e+00 -4.91208477e+00
 -3.94030568e+00 -6.48528252e+00 -5.08462118e+00
 -1.86243076e+00 -4.22948416e+00 -4.86872866e+00
 -1.59310630e+00 -3.48884653e+00 -5.41692592e+00
 -1.43600036e+00 -3.05680791e+00 -5.73670765e+00
  2.69772726e+00 -8.53232984e+00  7.82040962e+00
  1.84687110e+00 -8.91112421e+00  8.05312967e+00
  9.96014938e-01 -9.28991858e+00  8.28584973e+00
  4.99682178e-01 -9.51088196e+00  8.42160309e+00
  3.34090057e+00 -8.33909406e+00  8.50640381e+00
  3.98407388e+00 -8.14585827e+00  9.19239799e+00
  4.35925832e+00 -8.03313740e+00  9.59256126e+00
  2.90541010e+00 -8.34677126e+00  6.90169539e+00
  3.11309295e+00 -8.16121268e+00  5.98298115e+00
  3.23424128e+00 -8.05297017e+00  5.44706451e+00
  5.39851066e+00 -8.37794101e+00  6.14365636e+00
  4.85275872e+00 -8.70058604e+00  5.42278536e+00
  4.30700679e+00 -9.02323107e+00  4.70191435e+00
  3.98865149e+00 -9.21144067e+00  4.28140626e+00
  5.92334594e+00 -7.58226658e+00  6.02941918e+00
  6.44818123e+00 -6.78659216e+00  5.91518200e+00
  6.75433514e+00 -6.32244874e+00  5.84854365e+00
  5.41942731e+00 -8.85097040e+00  6.97876455e+00
  5.44034396e+00 -9.32399980e+00  7.81387274e+00
  5.45254534e+00 -9.59993361e+00  8.30101918e+00
 -1.88642931e-01 -1.17823949e+00  4.61400547e+00
 -3.24133978e-01 -1.13781206e+00  5.56353577e+00
 -4.59625024e-01 -1.09738464e+00  6.51306608e+00
 -5.38661468e-01 -1.07380197e+00  7.06695875e+00
  1.99685366e-01 -1.96154302e+00  4.21747463e+00
  5.88013663e-01 -2.74484656e+00  3.82094379e+00
  8.14538503e-01 -3.20177362e+00  3.58963413e+00
 -4.41480181e-01 -4.35363375e-01  4.06100600e+00
 -6.94317432e-01  3.07512735e-01  3.50800653e+00
 -8.41805828e-01  7.40857132e-01  3.18542351e+00
 -3.07852849e+00  6.73069180e+00 -8.24900183e-01
 -2.56480646e+00  6.98884815e+00 -5.61056899e-02
 -2.05108443e+00  7.24700451e+00  7.12688803e-01
 -1.75141324e+00  7.39759571e+00  1.16115226e+00
 -3.50119858e+00  5.86919017e+00 -8.52557697e-01
 -3.92386867e+00  5.00768854e+00 -8.80215212e-01
 -4.17042622e+00  4.50514593e+00 -8.96348762e-01
 -3.16958043e+00  7.33403708e+00 -1.56603716e+00
 -3.26063238e+00  7.93738236e+00 -2.30717414e+00
 -3.31374601e+00  8.28933377e+00 -2.73950404e+00
 -8.35756214e-03  2.46567274e+00  8.58909209e-01
 -2.64709221e-01  3.30612404e+00  4.72224027e-01
 -5.21060880e-01  4.14657535e+00  8.55388460e-02
 -6.70599348e-01  4.63683861e+00 -1.40027510e-01
 -4.42427692e-01  1.65635104e+00  5.79299635e-01
 -8.76497822e-01  8.47029343e-01  2.99690062e-01
 -1.12970540e+00  3.74925020e-01  1.36584477e-01
  6.82064227e-01  2.43454313e+00  1.52520396e+00
  1.37248602e+00  2.40341352e+00  2.19149872e+00
  1.77523206e+00  2.38525458e+00  2.58017066e+00
  1.24868073e+00 -7.12642373e+00 -2.54937925e+00
  1.78645363e+00 -7.89372811e+00 -2.75829144e+00
  2.32422652e+00 -8.66103249e+00 -2.96720363e+00
  2.63792738e+00 -9.10862671e+00 -3.08906908e+00
  7.62236098e-01 -7.09195072e+00 -1.72246738e+00
  2.75791465e-01 -7.05747771e+00 -8.95555518e-01
 -7.96790444e-03 -7.03736846e+00 -4.13190264e-01
  1.19735247e+00 -6.39359236e+00 -3.16737892e+00
  1.14602421e+00 -5.66076099e+00 -3.78537859e+00
  1.11608272e+00 -5.23327603e+00 -4.14587840e+00
 -4.12945274e+00 -1.84574100e-01 -7.97865343e+00
 -3.47351645e+00 -4.30173347e-01 -8.63518110e+00
 -2.81758015e+00 -6.75772595e-01 -9.29170877e+00
 -2.43495064e+00 -8.19038823e-01 -9.67468325e+00
 -5.04668087e+00 -6.78391248e-02 -8.23685008e+00
 -5.96390900e+00  4.88958502e-02 -8.49504673e+00
 -6.49895874e+00  1.16991252e-01 -8.64566144e+00
 -3.86816092e+00 -5.57098271e-02 -7.06392911e+00
 -3.60686909e+00  7.31544455e-02 -6.14920479e+00
 -3.45444886e+00  1.48325271e-01 -5.61561561e+00
  3.53695092e+00  3.29959689e+00  9.01865699e+00
  4.34268515e+00  3.80711057e+00  9.14040353e+00
  5.14841938e+00  4.31462424e+00  9.26215006e+00
  5.61843101e+00  4.61067389e+00  9.33316887e+00
  2.70205051e+00  3.75140780e+00  8.87579970e+00
  1.86715010e+00  4.20321872e+00  8.73294241e+00
  1.38012486e+00  4.46677508e+00  8.64960899e+00
  3.56611710e+00  2.34027230e+00  9.03976775e+00
  3.59528328e+00  1.38094771e+00  9.06087851e+00
  3.61229688e+00  8.21341698e-01  9.07319311e+00
  2.75884041e+00  1.51782292e+00 -7.14089498e+00
  2.50477255e+00  7.52604748e-01 -7.66194265e+00
  2.25070469e+00 -1.26134232e-02 -8.18299032e+00
  2.10249844e+00 -4.58990690e-01 -8.48693479e+00
  2.12566062e+00  2.22152369e+00 -6.98124353e+00
  1.49248083e+00  2.92522445e+00 -6.82159207e+00
  1.12312595e+00  3.33571657e+00 -6.72846206e+00
  3.64608805e+00  1.57934032e+00 -6.77949877e+00
  4.53333570e+00  1.64085773e+00 -6.41810255e+00
  5.05089682e+00  1.67674288e+00 -6.20728809e+00
 -5.46288402e+00  3.81142132e+00 -4.63094213e+00
 -5.80925945e+00  3.53714149e+00 -5.48323002e+00
 -6.15563487e+00  3.26286165e+00 -6.33551790e+00
 -6.35768721e+00  3.10286507e+00 -6.83268583e+00
 -4.63440471e+00  4.29396992e+00 -4.58227105e+00
 -3.80592540e+00  4.77651853e+00 -4.53359997e+00
 -3.32264580e+00  5.05800521e+00 -4.50520851e+00
 -5.94498791e+00  3.60315256e+00 -3.82732533e+00
 -6.42709180e+00  3.39488380e+00 -3.02370853e+00
 -6.70831907e+00  3.27339369e+00 -2.55493206e+00
 -8.19047258e+00  8.06506010e+00  6.01135509e+00
 -7.53582035e+00  8.49479588e+00  6.56665466e+00
 -6.88116812e+00  8.92453166e+00  7.12195423e+00
 -6.49928765e+00  9.17521087e+00  7.44587898e+00
 -8.72103160e+00  7.34647198e+00  6.36311957e+00
 -9.25159061e+00  6.62788387e+00  6.71488406e+00
 -9.56108337e+00  6.20870747e+00  6.92008001e+00
 -8.31456580e+00  8.35391243e+00  5.10429103e+00
 -8.43865902e+00  8.64276477e+00  4.19722698e+00
 -8.51104673e+00  8.81126196e+00  3.66810628e+00
  8.26965568e+00  7.42788786e-01 -1.07163772e+00
  8.88451786e+00  6.23551736e-01 -3.44089074e-01
  9.49938003e+00  5.04314685e-01  3.83459573e-01
  9.85804963e+00  4.34759739e-01  8.07862950e-01
  7.35122090e+00  4.81897335e-01 -9.71571727e-01
  6.43278612e+00  2.21005884e-01 -8.71505733e-01
  5.89703250e+00  6.88192039e-02 -8.13133903e-01
  8.57322829e+00  1.12291729e+00 -1.89925236e+00
  8.87680090e+00  1.50304579e+00 -2.72686700e+00
  9.05388492e+00  1.72478742e+00 -3.20964221e+00
  4.65536958e+00 -2.37224664e+00  1.13927843e+00
  4.77686738e+00 -2.01788247e+00  2.02317001e+00
  4.89836519e+00 -1.66351831e+00  2.90706159e+00
  4.96923891e+00 -1.45680588e+00  3.42266501e+00
  4.05312281e+00 -1.94169065e+00  5.28115292e-01
  3.45087605e+00 -1.51113467e+00 -8.30478454e-02
  3.09956544e+00 -1.25997701e+00 -4.39559676e-01
  5.13611854e+00 -3.15716678e+00  8.66549988e-01
  5.61686749e+00 -3.94208693e+00  5.93821547e-01
  5.89730439e+00 -4.39995702e+00  4.34729956e-01
  3.07090085e+00 -5.30393458e+00  4.58921724e+00
  3.92506872e+00 -5.38188247e+00  4.15803122e+00
  4.77923658e+00 -5.45983035e+00  3.72684519e+00
  5.27750117e+00 -5.50529995e+00  3.47532001e+00
  2.39207251e+00 -4.74009379e+00  4.21122829e+00
  1.71324417e+00 -4.17625300e+00  3.83323934e+00
  1.31726097e+00 -3.84734587e+00  3.61274579e+00
  2.89556133e+00 -5.78982749e+00  5.39839221e+00
  2.72022180e+00 -6.27572040e+00  6.20756718e+00
  2.61794041e+00 -6.55915793e+00  6.67958591e+00
  3.50757622e+00  4.66149357e+00 -1.87317433e+00
  3.04376806e+00  3.82430931e+00 -1.79831104e+00
  2.57995990e+00  2.98712505e+00 -1.72344774e+00
  2.30940514e+00  2.49876757e+00 -1.67977748e+00
  4.30358188e+00  4.81684753e+00 -1.35952062e+00
  5.09958754e+00  4.97220149e+00 -8.45866914e-01
  5.56392418e+00  5.06282463e+00 -5.46235584e-01
  3.17537872e+00  5.34332386e+00 -2.46169134e+00
  2.84318121e+00  6.02515416e+00 -3.05020834e+00
  2.64939933e+00  6.42288850e+00 -3.39350993e+00
 -7.63820438e+00 -1.13797104e-01  1.09972623e+00
 -7.12005960e+00 -1.15016338e-01  1.90788742e+00
 -6.60191482e+00 -1.16235572e-01  2.71604860e+00
 -6.29966369e+00 -1.16946792e-01  3.18747596e+00
 -8.01635121e+00 -9.32565406e-01  7.70752916e-01
 -8.39449804e+00 -1.75133371e+00  4.41779600e-01
 -8.61508369e+00 -2.22894855e+00  2.49878499e-01
 -7.77820234e+00  7.06190434e-01  6.20538366e-01
 -7.91820029e+00  1.52617797e+00  1.41350499e-01
 -7.99986577e+00  2.00450403e+00 -1.38175757e-01
 -4.15720493e+00 -2.08860723e+00  6.48417155e+00
 -3.81708592e+00 -2.10575212e+00  7.38173777e+00
 -3.47696691e+00 -2.12289701e+00  8.27930398e+00
 -3.27856415e+00 -2.13289819e+00  8.80288428e+00
 -3.86860386e+00 -2.74788661e+00  5.84882903e+00
 -3.58000279e+00 -3.40716600e+00  5.21348651e+00
 -3.41165217e+00 -3.79174563e+00  4.84287004e+00
 -4.78592502e+00 -1.41218297e+00  6.22194786e+00
 -5.41464510e+00 -7.35758699e-01  5.95972417e+00
 -5.78139849e+00 -3.41177877e-01  5.80676035e+00
 -6.19239879e+00 -1.66453689e+00 -3.09853943e+00
 -5.31492871e+00 -2.01790903e+00 -2.93491059e+00
 -4.43745863e+00 -2.37128116e+00 -2.77128176e+00
 -3.92560108e+00 -2.57741490e+00 -2.67583161e+00
 -6.87717872e+00 -1.75202879e+00 -2.43144002e+00
 -7.56195864e+00 -1.83952068e+00 -1.76434061e+00
 -7.96141360e+00 -1.89055762e+00 -1.37519929e+00
 -6.38508895e+00 -1.22367287e+00 -3.92926767e+00
 -6.57777910e+00 -7.82808844e-01 -4.75999592e+00
 -6.69018169e+00 -5.25638162e-01 -5.24458739e+00
 -6.75135752e-01  8.62160645e+00 -1.12674069e+00
 -5.12059680e-03  8.53397314e+00 -4.44831536e-01
  6.64894559e-01  8.44633984e+00  2.37077618e-01
  1.05573673e+00  8.39522041e+00  6.34857958e-01
 -1.60390570e+00  8.65291823e+00 -8.85896442e-01
 -2.53267565e+00  8.68423001e+00 -6.45052195e-01
 -3.07445812e+00  8.70249522e+00 -5.04559717e-01
 -4.16380957e-01  8.67792798e+00 -2.04949409e+00
 -1.57626162e-01  8.73424951e+00 -2.97224750e+00
 -6.68586526e-03  8.76710374e+00 -3.51052031e+00
 -7.47829886e+00 -7.60272495e+00 -2.51352327e+00
 -7.98127828e+00 -8.41580848e+00 -2.60016551e+00
 -8.48425771e+00 -9.22889201e+00 -2.68680774e+00
 -8.77766238e+00 -9.70319073e+00 -2.73734905e+00
 -7.82896899e+00 -6.87422237e+00 -1.99591874e+00
 -8.17963912e+00 -6.14571979e+00 -1.47831421e+00
 -8.38419670e+00 -5.72075995e+00 -1.17637824e+00
 -6.62464930e+00 -7.51814401e+00 -2.94448556e+00
 -5.77099974e+00 -7.43356307e+00 -3.37544785e+00
 -5.27303750e+00 -7.38422418e+00 -3.62684252e+00
  7.22447901e+00 -7.76344432e+00 -1.80030689e+00
  7.07146122e+00 -6.90205510e+00 -2.19552098e+00
  6.91844343e+00 -6.04066589e+00 -2.59073507e+00
  6.82918305e+00 -5.53818885e+00 -2.82127662e+00
  7.72975854e+00 -7.83558982e+00 -9.87233933e-01
  8.23503806e+00 -7.90773531e+00 -1.74160979e-01
  8.52978445e+00 -7.94982019e+00  3.00131577e-01
  6.87221728e+00 -8.55268803e+00 -2.21816575e+00
  6.51995554e+00 -9.34193175e+00 -2.63602461e+00
  6.31446953e+00 -9.80232391e+00 -2.87977561e+00
 -3.85124404e+00 -4.11515779e+00 -2.92804559e-01
 -2.89645662e+00 -4.19557854e+00 -2.33529925e-01
 -1.94166919e+00 -4.27599929e+00 -1.74255290e-01
 -1.38470987e+00 -4.32291139e+00 -1.39678420e-01
 -4.37741397e+00 -4.04277627e+00  5.06886706e-01
 -4.90358390e+00 -3.97039474e+00  1.30657797e+00
 -5.21051636e+00 -3.92817219e+00  1.77306454e+00
 -4.27986153e+00 -4.10711857e+00 -1.15177046e+00
 -4.70847902e+00 -4.09907934e+00 -2.01073636e+00
 -4.95850589e+00 -4.09438980e+00 -2.51179980e+00
  6.32301399e+00  1.30163299e+00 -8.14605904e+00
  5.64030943e+00  1.91397372e+00 -8.42987823e+00
  4.95760488e+00  2.52631444e+00 -8.71369742e+00
  4.55936056e+00  2.88351320e+00 -8.87925862e+00
  7.23879310e+00  1.45802606e+00 -8.38790572e+00
  8.15457222e+00  1.61441913e+00 -8.62975239e+00
  8.68877671e+00  1.70564842e+00 -8.77082961e+00
  6.08993942e+00  5.32899196e-01 -7.62039318e+00
  5.85686485e+00 -2.35834600e-01 -7.09472732e+00
  5.72090469e+00 -6.84262647e-01 -6.78808890e+00
 -6.84171367e+00  9.40112075e+00 -7.79789971e+00
 -7.77254437e+00  9.24435218e+00 -7.97276487e+00
 -8.70337507e+00  9.08758361e+00 -8.14763003e+00
 -9.24635964e+00  8.99613527e+00 -8.24963470e+00
 -6.52899059e+00  9.47456812e+00 -6.89323969e+00
 -6.21626751e+00  9.54801549e+00 -5.98857967e+00
 -6.03384571e+00  9.59085978e+00 -5.46086132e+00
 -6.22360605e+00  9.48444196e+00 -8.52769458e+00
 -5.60549843e+00  9.56776316e+00 -9.25748945e+00
 -5.24493566e+00  9.61636720e+00 -9.68320312e+00
 -5.03470181e-01 -6.74859152e+00 -4.99348578e+00
  3.49346311e-01 -7.17274854e+00 -4.87350721e+00
  1.20216280e+00 -7.59690555e+00 -4.75352864e+00
  1.69963909e+00 -7.84433048e+00 -4.68354114e+00
 -6.07254336e-01 -6.05686092e+00 -5.65100964e+00
 -7.11038491e-01 -5.36513031e+00 -6.30853349e+00
 -7.71579248e-01 -4.96162080e+00 -6.69208908e+00
 -1.25250252e+00 -7.01616511e+00 -4.45594050e+00
 -2.00153485e+00 -7.28373870e+00 -3.91839521e+00
 -2.43847038e+00 -7.43982329e+00 -3.60482713e+00
 -2.83664871e+00 -7.29980579e+00 -7.01727604e+00
 -1.97173329e+00 -7.71219373e+00 -6.95847556e+00
 -1.10681787e+00 -8.12458167e+00 -6.89967508e+00
 -6.02283870e-01 -8.36514130e+00 -6.86537480e+00
 -3.48590330e+00 -7.44544697e+00 -6.32528100e+00
 -4.13515789e+00 -7.59108815e+00 -5.63328597e+00
 -4.51388973e+00 -7.67604551e+00 -5.22962220e+00
 -3.05230955e+00 -6.74177666e+00 -7.76807155e+00
 -3.26797039e+00 -6.18374754e+00 -8.51886706e+00
 -3.39377254e+00 -5.85823055e+00 -8.95683111e+00
 -5.97104915e+00 -7.49078194e+00  7.84682512e+00
 -6.43071906e+00 -6.64937978e+00  7.79838986e+00
 -6.89038898e+00 -5.80797762e+00  7.74995460e+00
 -7.15852976e+00 -5.31715969e+00  7.72170070e+00
 -5.15117026e+00 -7.61832226e+00  7.36398759e+00
 -4.33129137e+00 -7.74586258e+00  6.88115007e+00
 -3.85302869e+00 -7.82026110e+00  6.59949484e+00
 -6.33125812e+00 -8.20464378e+00  8.37809790e+00
 -6.69146709e+00 -8.91850562e+00  8.90937069e+00
 -6.90158899e+00 -9.33492502e+00  9.21927981e+00
  1.46601674e+00  6.39570467e+00  7.53020318e+00
  1.71515613e+00  6.43002755e+00  8.45667580e+00
  1.96429552e+00  6.46435043e+00  9.38314841e+00
  2.10962683e+00  6.48437211e+00  9.92359077e+00
  6.48281134e-01  6.80470324e+00  7.23757947e+00
 -1.69454476e-01  7.21370182e+00  6.94495575e+00
 -6.46466915e-01  7.45228432e+00  6.77425858e+00
  2.03461297e+00  5.95238322e+00  6.89635428e+00
  2.60320919e+00  5.50906177e+00  6.26250538e+00
  2.93489032e+00  5.25045759e+00  5.89276019e+00
  7.11482740e+00 -1.57079556e+00  9.08713799e+00
  7.68231400e+00 -9.48805908e-01  8.62595709e+00
  8.24980060e+00 -3.26816254e-01  8.16477618e+00
  8.58083445e+00  3.60110441e-02  7.89575399e+00
  6.18725852e+00 -1.36429988e+00  9.22343000e+00
  5.25968964e+00 -1.15780420e+00  9.35972200e+00
  4.71860780e+00 -1.03734838e+00  9.43922567e+00
  7.47490968e+00 -2.39928090e+00  9.41202690e+00
  7.83499195e+00 -3.22776624e+00  9.73691580e+00
  8.04503995e+00 -3.71104935e+00  9.92643433e+00
  5.86274996e+00 -2.22035332e-01  6.13036475e+00
  5.36641947e+00 -6.65627247e-01  5.43864063e+00
  4.87008897e+00 -1.10921916e+00  4.74691651e+00
  4.58056285e+00 -1.36798111e+00  4.34341078e+00
  5.51167620e+00 -1.82357187e-01  7.02298609e+00
  5.16060244e+00 -1.42679041e-01  7.91560743e+00
  4.95580941e+00 -1.19533457e-01  8.43630321e+00
  6.71015422e+00  1.81878437e-01  5.92946752e+00
  7.55755847e+00  5.85792206e-01  5.72857030e+00
  8.05187762e+00  8.21408571e-01  5.61138025e+00
  1.45487655e+00 -5.99014961e+00 -7.06981698e+00
  1.89232510e+00 -5.44701283e+00 -6.41008886e+00
  2.32977366e+00 -4.90387605e+00 -5.75036074e+00
  2.58495199e+00 -4.58704626e+00 -5.36551933e+00
  1.81372193e+00 -6.85094173e+00 -7.29756010e+00
  2.17256731e+00 -7.71173384e+00 -7.52530321e+00
  2.38189379e+00 -8.21386257e+00 -7.65815336e+00
  6.58582604e-01 -5.67249428e+00 -7.50180199e+00
 -1.37711337e-01 -5.35483894e+00 -7.93378700e+00
 -6.02216136e-01 -5.16954000e+00 -8.18577826e+00
  5.49121730e-01 -1.10401680e+00  8.01686394e+00
  1.15109085e+00 -3.56707322e-01  8.04446334e+00
  1.75305997e+00  3.90602151e-01  8.07206275e+00
  2.10420863e+00  8.26532677e-01  8.08816240e+00
 -2.42634740e-01 -1.10290650e+00  8.55974556e+00
 -1.03439121e+00 -1.10179620e+00  9.10262719e+00
 -1.49624915e+00 -1.10114852e+00  9.41930813e+00
  7.38909078e-01 -1.85243657e+00  7.44638291e+00
  9.28696427e-01 -2.60085634e+00  6.87590187e+00
  1.03940571e+00 -3.03743454e+00  6.54312127e+00
 -9.05522931e+00  2.76481101e+00 -2.95244536e+00
 -9.38033451e+00  2.55727339e+00 -2.07333516e+00
 -9.70543971e+00  2.34973577e+00 -1.19422496e+00
 -9.89508441e+00  2.22867216e+00 -6.81410673e-01
 -8.59415974e+00  3.59180364e+00 -3.11086896e+00
 -8.13309017e+00  4.41879628e+00 -3.26929256e+00
 -7.86413292e+00  4.90120864e+00 -3.36170633e+00
 -9.19119368e+00  2.14535600e+00 -3.67313196e+00
 -9.32715805e+00  1.52590098e+00 -4.39381856e+00
 -9.40647060e+00  1.16455223e+00 -4.81421908e+00
 -2.87495209e+00 -3.54884085e+00 -7.84749173e+00
 -3.57448881e+00 -2.90537785e+00 -7.98241300e+00
 -4.27402553e+00 -2.26191486e+00 -8.11733428e+00
 -4.68208862e+00 -1.88656144e+00 -8.19603836e+00
 -2.10518978e+00 -3.54840506e+00 -8.42113429e+00
 -1.33542747e+00 -3.54796927e+00 -8.99477686e+00
 -8.86399460e-01 -3.54771506e+00 -9.32940170e+00
 -2.94517768e+00 -4.19273963e+00 -7.13892788e+00
 -3.01540327e+00 -4.83663841e+00 -6.43036403e+00
 -3.05636820e+00 -5.21224604e+00 -6.01703512e+00
  4.78004329e+00  6.08861501e+00  6.33092624e+00
  4.59401111e+00  5.16174026e+00  6.16390759e+00
  4.40797894e+00  4.23486551e+00  5.99688893e+00
  4.29946017e+00  3.69418858e+00  5.89946138e+00
  5.63505793e+00  6.35134380e+00  6.67952853e+00
  6.49007257e+00  6.61407259e+00  7.02813081e+00
  6.98883110e+00  6.76733105e+00  7.23148214e+00
  4.11106083e+00  6.75276097e+00  6.14934261e+00
  3.44207837e+00  7.41690692e+00  5.96775898e+00
  3.05183860e+00  7.80432540e+00  5.86183520e+00
 -3.74011430e+00  4.48260142e+00 -6.73449994e+00
 -4.37896009e+00  5.09599795e+00 -6.36406677e+00
 -5.01780589e+00  5.70939449e+00 -5.99363359e+00
 -5.39046594e+00  6.06720913e+00 -5.77754757e+00
 -3.98466661e+00  3.56617994e+00 -6.88270875e+00
 -4.22921892e+00  2.64975847e+00 -7.03091755e+00
 -4.37187443e+00  2.11517927e+00 -7.11737268e+00
 -2.85671619e+00  4.78562636e+00 -6.95672432e+00
 -1.97331809e+00  5.08865130e+00 -7.17894870e+00
 -1.45800253e+00  5.26541584e+00 -7.30857958e+00
  8.41319561e-01 -5.35958568e+00  6.17401546e+00
  1.32554146e+00 -5.01294737e+00  6.92699025e+00
  1.80976336e+00 -4.66630905e+00  7.67996504e+00
  2.09222613e+00 -4.46410336e+00  8.11920033e+00
  9.26443442e-01 -6.28501827e+00  5.93333217e+00
  1.01156732e+00 -7.21045086e+00  5.69264887e+00
  1.06122292e+00 -7.75028654e+00  5.55225029e+00
  2.71973782e-01 -4.78079141e+00  5.66172397e+00
 -2.97371998e-01 -4.20199714e+00  5.14943248e+00
 -6.29490369e-01 -3.86436715e+00  4.85059577e+00
