-1.14914397e+01 -5.36195081e+00 -1.32560580e+01
 -1.13386223e+01 -4.93688886e+00 -1.24089635e+01
 -1.11858048e+01 -4.51182692e+00 -1.15618689e+01
 -1.10966613e+01 -4.26387412e+00 -1.10677305e+01
 -1.07949895e+01 -5.88056748e+00 -1.36654404e+01
 -1.00985394e+01 -6.39918416e+00 -1.40748227e+01
 -9.69227677e+00 -6.70171055e+00 -1.43136290e+01
 -1.23407074e+01 -5.26839607e+00 -1.36937702e+01
 -1.31899750e+01 -5.17484134e+00 -1.41314824e+01
 -1.36853811e+01 -5.12026774e+00 -1.43868146e+01
 -7.89808500e+00  1.67062374e+00 -6.59593903e+00
 -8.36513837e+00  2.50311177e+00 -6.69804108e+00
 -8.83219174e+00  3.33559980e+00 -6.80014312e+00
 -9.10463954e+00  3.82121782e+00 -6.85970265e+00
 -7.51366323e+00  1.43678263e+00 -5.74791884e+00
 -7.12924147e+00  1.20294152e+00 -4.89989865e+00
 -6.90499544e+00  1.06653421e+00 -4.40522021e+00
 -7.81545339e+00  1.07197681e+00 -7.34185718e+00
 -7.73282179e+00  4.73329890e-01 -8.08777532e+00
 -7.68462002e+00  1.24119185e-01 -8.52289424e+00
 -7.26186404e+00 -1.14457266e+01 -1.29734015e+01
 -8.12423661e+00 -1.13078061e+01 -1.33720135e+01
 -8.98660918e+00 -1.11698856e+01 -1.37706254e+01
 -9.48965985e+00 -1.10894320e+01 -1.40031491e+01
 -7.16696366e+00 -1.20463057e+01 -1.22305027e+01
 -7.07206328e+00 -1.26468848e+01 -1.14876039e+01
 -7.01670473e+00 -1.29972227e+01 -1.10542463e+01
 -6.49439185e+00 -1.09830680e+01 -1.33176884e+01
 -5.72691966e+00 -1.05204094e+01 -1.36619753e+01
 -5.27922755e+00 -1.02505252e+01 -1.38628093e+01
  1.21710890e+01 -1.32720812e+01 -4.67732355e+00
  1.30303868e+01 -1.30694871e+01 -4.30027862e+00
  1.38896847e+01 -1.28668931e+01 -3.92323369e+00
  1.43909418e+01 -1.27487133e+01 -3.70329081e+00
  1.20545925e+01 -1.32790721e+01 -5.63020323e+00
  1.19380959e+01 -1.32860631e+01 -6.58308291e+00
  1.18701396e+01 -1.32901412e+01 -7.13892939e+00
  1.14282877e+01 -1.34676842e+01 -4.10148880e+00
  1.06854864e+01 -1.36632873e+01 -3.52565406e+00
  1.02521856e+01 -1.37773890e+01 -3.18975045e+00
 -1.24525774e+01  2.61545831e+00 -1.18359079e+01
 -1.19111418e+01  2.03963010e+00 -1.23807651e+01
 -1.13697062e+01  1.46380190e+00 -1.29256223e+01
 -1.10538688e+01  1.12790211e+00 -1.32434557e+01
 -1.21134313e+01  2.94351601e+00 -1.09998708e+01
 -1.17742852e+01  3.27157371e+00 -1.01638336e+01
 -1.15764500e+01  3.46294069e+00 -9.67614530e+00
 -1.33331590e+01  2.86322883e+00 -1.21270878e+01
 -1.42137406e+01  3.11099934e+00 -1.24182677e+01
 -1.47274133e+01  3.25553214e+00 -1.25881227e+01
  6.92233525e+00  1.17705214e+01 -2.04144949e+00
  7.51266416e+00  1.23139038e+01 -2.56856179e+00
  8.10299307e+00  1.28572861e+01 -3.09567409e+00
  8.44735160e+00  1.31742592e+01 -3.40315627e+00
  5.99629796e+00  1.16943992e+01 -2.28282130e+00
  5.07026068e+00  1.16182770e+01 -2.52419311e+00
  4.53007226e+00  1.15738723e+01 -2.66499333e+00
  7.25804363e+00  1.13032612e+01 -1.27296538e+00
  7.59375201e+00  1.08360011e+01 -5.04481271e-01
  7.78958190e+00  1.05634326e+01 -5.61988738e-02
  2.95386453e+00  1.08339856e+01 -3.28619066e+00
  3.54040996e+00  1.10803851e+01 -4.00511468e+00
  4.12695539e+00  1.13267846e+01 -4.72403870e+00
  4.46910689e+00  1.14705176e+01 -5.14341105e+00
  3.27077199e+00  1.08528789e+01 -2.38020352e+00
  3.58767946e+00  1.08717722e+01 -1.47421637e+00
  3.77254215e+00  1.08827933e+01 -9.45723875e-01
  2.05041163e+00  1.05686928e+01 -3.47325378e+00
  1.14695874e+00  1.03034001e+01 -3.66031690e+00
  6.19944547e-01  1.01486460e+01 -3.76943705e+00
 -3.27479891e+00  1.41462673e+00 -8.52586195e+00
 -3.49024136e+00  1.38289098e+00 -7.59088741e+00
 -3.70568381e+00  1.35115523e+00 -6.65591287e+00
 -3.83135857e+00  1.33264271e+00 -6.11051106e+00
 -3.17437741e+00  5.99679484e-01 -9.02323155e+00
 -3.07395592e+00 -2.15267759e-01 -9.52060114e+00
 -3.01537671e+00 -6.90653651e-01 -9.81073341e+00
 -3.15977796e+00  2.26130972e+00 -8.96346690e+00
 -3.04475700e+00  3.10799271e+00 -9.40107185e+00
 -2.97766145e+00  3.60189113e+00 -9.65634140e+00
 -1.29859872e+01 -7.55916928e+00 -5.41068365e+00
 -1.37463031e+01 -8.09128233e+00 -5.16496956e+00
 -1.45066191e+01 -8.62339537e+00 -4.91925547e+00
 -1.49501367e+01 -8.93379465e+00 -4.77592225e+00
 -1.28542087e+01 -6.69662636e+00 -5.01036610e+00
 -1.27224301e+01 -5.83408345e+00 -4.61004855e+00
 -1.26455593e+01 -5.33093342e+00 -4.37652999e+00
 -1.23574498e+01 -7.88959914e+00 -6.05671528e+00
 -1.17289125e+01 -8.22002901e+00 -6.70274691e+00
 -1.13622657e+01 -8.41277977e+00 -7.07959870e+00
  5.99464762e+00  6.57494379e+00 -4.85771044e-01
  6.29051746e+00  7.14596085e+00 -1.19851262e+00
  6.58638731e+00  7.71697791e+00 -1.91125420e+00
  6.75897805e+00  8.05007119e+00 -2.32702011e+00
  6.15745192e+00  6.82315359e+00  4.27183858e-01
  6.32025622e+00  7.07136339e+00  1.34013876e+00
  6.41522540e+00  7.21615245e+00  1.87269579e+00
  5.53597347e+00  5.75571692e+00 -6.85984370e-01
  5.07729933e+00  4.93649006e+00 -8.86197696e-01
  4.80973941e+00  4.45860772e+00 -1.00298880e+00
 -2.21899517e+00 -1.30742428e+01 -2.10837482e+00
 -1.45832085e+00 -1.32810515e+01 -1.56046541e+00
 -6.97646529e-01 -1.34878602e+01 -1.01255599e+00
 -2.53919842e-01 -1.36084986e+01 -6.92942163e-01
 -2.90720928e+00 -1.24939406e+01 -1.77489206e+00
 -3.59542339e+00 -1.19136385e+01 -1.44140929e+00
 -3.99688162e+00 -1.15751289e+01 -1.24687768e+00
 -2.29145538e+00 -1.34477362e+01 -2.98976701e+00
 -2.36391559e+00 -1.38212296e+01 -3.87115919e+00
 -2.40618405e+00 -1.40391008e+01 -4.38530463e+00
  3.79786389e+00  5.80831689e+00  1.23230922e+01
  3.05578511e+00  6.34781330e+00  1.20404923e+01
  2.31370633e+00  6.88730970e+00  1.17578924e+01
  1.88082704e+00  7.20201594e+00  1.15930424e+01
  3.64539127e+00  5.02049285e+00  1.28500508e+01
  3.49291865e+00  4.23266881e+00  1.33770094e+01
  3.40397629e+00  3.77310478e+00  1.36844020e+01
  4.69241529e+00  6.05664452e+00  1.20787335e+01
  5.58696669e+00  6.30497215e+00  1.18343748e+01
  6.10878834e+00  6.44982994e+00  1.16918322e+01
  1.16055533e+01  6.63042222e+00 -7.09469267e+00
  1.15510509e+01  6.85397730e+00 -6.16267732e+00
  1.14965484e+01  7.07753237e+00 -5.23066197e+00
  1.14647553e+01  7.20793950e+00 -4.68698635e+00
  1.08196993e+01  6.67034956e+00 -7.64463742e+00
  1.00338453e+01  6.71027690e+00 -8.19458218e+00
  9.57543041e+00  6.73356784e+00 -8.51538328e+00
  1.24459099e+01  6.36693981e+00 -7.47676326e+00
  1.32862664e+01  6.10345739e+00 -7.85883385e+00
  1.37764744e+01  5.94975932e+00 -8.08170837e+00
 -1.24818109e+01 -1.53948425e+00 -1.21953038e+01
 -1.34332125e+01 -1.50253877e+00 -1.20725443e+01
 -1.43846142e+01 -1.46559330e+00 -1.19497848e+01
 -1.49395985e+01 -1.44404178e+00 -1.18781752e+01
 -1.20674320e+01 -1.02545285e+00 -1.28921982e+01
 -1.16530531e+01 -5.11421444e-01 -1.35890926e+01
 -1.14113321e+01 -2.11569793e-01 -1.39956144e+01
 -1.19447881e+01 -2.09046112e+00 -1.16211688e+01
 -1.14077653e+01 -2.64143799e+00 -1.10470338e+01
 -1.10945019e+01 -2.96284117e+00 -1.07121217e+01
 -6.28518610e+00 -5.37243486e+00 -2.72315456e+00
 -5.61741659e+00 -6.04367711e+00 -2.88164026e+00
 -4.94964708e+00 -6.71491937e+00 -3.04012596e+00
 -4.56011487e+00 -7.10647735e+00 -3.13257595e+00
 -7.12941405e+00 -5.61697057e+00 -2.33704390e+00
 -7.97364201e+00 -5.86150629e+00 -1.95093324e+00
 -8.46610831e+00 -6.00415212e+00 -1.72570202e+00
 -6.10872765e+00 -4.45665688e+00 -2.95077952e+00
 -5.93226920e+00 -3.54087891e+00 -3.17840449e+00
 -5.82933511e+00 -3.00667510e+00 -3.31118571e+00
 -6.32807376e+00 -7.66961039e+00 -1.05944072e+01
 -6.46160108e+00 -6.72001138e+00 -1.05493276e+01
 -6.59512840e+00 -5.77041236e+00 -1.05042481e+01
 -6.67301933e+00 -5.21647960e+00 -1.04779517e+01
 -5.48251363e+00 -8.02235969e+00 -1.08811057e+01
 -4.63695350e+00 -8.37510898e+00 -1.11678041e+01
 -4.14371010e+00 -8.58087940e+00 -1.13350449e+01
 -7.04010656e+00 -8.26646011e+00 -1.03527883e+01
 -7.75213937e+00 -8.86330983e+00 -1.01111694e+01
 -8.16749184e+00 -9.21147217e+00 -9.97022505e+00
 -7.35138073e+00  1.23258917e+01 -1.43830154e+00
 -7.33692729e+00  1.27118730e+01 -2.31716985e+00
 -7.32247385e+00  1.30978543e+01 -3.19603816e+00
 -7.31404268e+00  1.33230101e+01 -3.70871133e+00
 -6.84157746e+00  1.15337075e+01 -1.25351835e+00
 -6.33177419e+00  1.07415233e+01 -1.06873516e+00
 -6.03438895e+00  1.02794158e+01 -9.60944965e-01
 -7.87563745e+00  1.27320945e+01 -7.44216429e-01
 -8.39989416e+00  1.31382974e+01 -5.01313142e-02
 -8.70571057e+00  1.33752490e+01  3.54751669e-01
 -4.79999077e-01  8.89121065e+00  1.25782136e+01
 -9.71148350e-01  9.70340301e+00  1.24342832e+01
 -1.46229762e+00  1.05155954e+01  1.22903529e+01
 -1.74880137e+00  1.09893743e+01  1.22063935e+01
  1.53453064e-01  8.83435216e+00  1.32973141e+01
  7.86905205e-01  8.77749367e+00  1.40164146e+01
  1.15641895e+00  8.74432622e+00  1.44358899e+01
 -6.22301946e-01  8.13587677e+00  1.20030435e+01
 -7.64604814e-01  7.38054289e+00  1.14278735e+01
 -8.47614821e-01  6.93993147e+00  1.10923576e+01
  1.21752757e+01 -4.50638910e+00  7.67360640e+00
  1.28148241e+01 -4.53741013e+00  8.38887940e+00
  1.34543726e+01 -4.56843115e+00  9.10415240e+00
  1.38274425e+01 -4.58652674e+00  9.52139499e+00
  1.17707243e+01 -5.31696262e+00  7.35594504e+00
  1.13661729e+01 -6.12753613e+00  7.03828369e+00
  1.11301845e+01 -6.60037068e+00  6.85298124e+00
  1.19402786e+01 -3.66479457e+00  7.27599475e+00
  1.17052816e+01 -2.82320003e+00  6.87838310e+00
  1.15682000e+01 -2.33226989e+00  6.64644297e+00
  1.36006716e+01 -6.53459207e+00 -1.27667389e+01
  1.35595195e+01 -7.06076807e+00 -1.19648378e+01
  1.35183675e+01 -7.58694408e+00 -1.11629368e+01
  1.34943621e+01 -7.89388008e+00 -1.06951612e+01
  1.33571762e+01 -5.60624656e+00 -1.27447252e+01
  1.31136807e+01 -4.67790106e+00 -1.27227116e+01
  1.29716418e+01 -4.13636618e+00 -1.27098702e+01
  1.38853191e+01 -6.93676157e+00 -1.35906537e+01
  1.41699666e+01 -7.33893107e+00 -1.44145684e+01
  1.43360109e+01 -7.57352994e+00 -1.48951853e+01
  3.28614544e+00 -8.45123409e+00  9.94758727e+00
  3.45421959e+00 -9.28996905e+00  1.03833335e+01
  3.62229374e+00 -1.01287040e+01  1.08190797e+01
  3.72033699e+00 -1.06179661e+01  1.10732649e+01
  3.93969075e+00 -8.08168164e+00  9.34933188e+00
  4.59323606e+00 -7.71212919e+00  8.75107649e+00
  4.97447083e+00 -7.49655692e+00  8.40209418e+00
  2.46452598e+00 -7.98205159e+00  1.01100965e+01
  1.64290652e+00 -7.51286908e+00  1.02726057e+01
  1.16362850e+00 -7.23917928e+00  1.03674027e+01
  7.08063762e+00 -5.40077242e+00  1.61215748e+00
  7.48027009e+00 -6.22690638e+00  1.89393146e+00
  7.87990256e+00 -7.05304034e+00  2.17570544e+00
  8.11302150e+00 -7.53495181e+00  2.34007359e+00
  6.79195770e+00 -5.29273496e+00  7.02986535e-01
  6.50327777e+00 -5.18469750e+00 -2.06184410e-01
  6.33488114e+00 -5.12167565e+00 -7.36534127e-01
  6.96968509e+00 -4.68267592e+00  2.23955445e+00
  6.85873255e+00 -3.96457942e+00  2.86695141e+00
  6.79401023e+00 -3.54568980e+00  3.23293297e+00
  5.00800946e+00 -8.86775923e+00  5.37833110e+00
  5.32344920e+00 -8.14186368e+00  4.83503245e+00
  5.63888894e+00 -7.41596813e+00  4.29173380e+00
  5.82289546e+00 -6.99252906e+00  3.97480959e+00
  4.08838754e+00 -9.13900352e+00  5.33014337e+00
  3.16876562e+00 -9.41024781e+00  5.28195565e+00
  2.63231949e+00 -9.56847365e+00  5.25384614e+00
  5.61219163e+00 -9.32241048e+00  5.96981747e+00
  6.21637381e+00 -9.77706174e+00  6.56130385e+00
  6.56881342e+00 -1.00422750e+01  6.90633756e+00
  1.30530028e+01  8.71149358e+00  1.30883064e+00
  1.25344637e+01  8.77933012e+00  2.11388681e+00
  1.20159246e+01  8.84716666e+00  2.91894299e+00
  1.17134435e+01  8.88673797e+00  3.38855909e+00
  1.29159017e+01  7.97352778e+00  7.10324344e-01
  1.27788007e+01  7.23556198e+00  1.11818045e-01
  1.26988251e+01  6.80508193e+00 -2.37310629e-01
  1.37086428e+01  9.38162284e+00  1.10228077e+00
  1.43642829e+01  1.00517521e+01  8.95730896e-01
  1.47467397e+01  1.04426608e+01  7.75243470e-01
 -1.54742389e+00  8.91577142e-01  1.36007253e+01
 -6.63994726e-01  1.10612310e+00  1.32923053e+01
  2.19434440e-01  1.32066907e+00  1.29838852e+01
  7.34768121e-01  1.44582088e+00  1.28039735e+01
 -1.81971010e+00 -2.58612417e-02  1.36766663e+01
 -2.09199631e+00 -9.43299626e-01  1.37526073e+01
 -2.25082993e+00 -1.47847202e+00  1.37969062e+01
 -2.15856685e+00  1.59446957e+00  1.38332044e+01
 -2.76970981e+00  2.29736199e+00  1.40656835e+01
 -3.12620987e+00  2.70738257e+00  1.42012963e+01
  7.58340222e+00  1.19922738e+01 -9.24098730e+00
  7.69659727e+00  1.28348398e+01 -9.68693512e+00
  7.80979233e+00  1.36774058e+01 -1.01328829e+01
  7.87582278e+00  1.41689026e+01 -1.03930192e+01
  6.77176954e+00  1.14929202e+01 -9.35716954e+00
  5.96013686e+00  1.09935665e+01 -9.47335178e+00
  5.48668447e+00  1.07022769e+01 -9.54112476e+00
  8.28183984e+00  1.16490615e+01 -8.67885724e+00
  8.98027746e+00  1.13058492e+01 -8.11672718e+00
  9.38769940e+00  1.11056420e+01 -7.78881798e+00
  7.99265734e+00  1.12577251e+01  1.03259014e+01
  8.04992744e+00  1.11664757e+01  9.37196551e+00
  8.10719754e+00  1.10752262e+01  8.41802962e+00
  8.14060510e+00  1.10219974e+01  7.86156702e+00
  7.32350365e+00  1.18259525e+01  1.07144255e+01
  6.65434995e+00  1.23941799e+01  1.11029496e+01
  6.26401030e+00  1.27256458e+01  1.13295886e+01
  8.60454094e+00  1.07807471e+01  1.08913132e+01
  9.21642453e+00  1.03037692e+01  1.14567250e+01
  9.57335662e+00  1.00255320e+01  1.17865485e+01
 -5.41505844e+00  3.69452425e+00  1.14536922e+01
 -4.96628545e+00  4.09276815e+00  1.22030951e+01
 -4.51751247e+00  4.49101206e+00  1.29524979e+01
 -4.25572822e+00  4.72332100e+00  1.33896495e+01
 -6.23892379e+00  3.21944444e+00  1.15846314e+01
 -7.06278915e+00  2.74436463e+00  1.17155705e+01
 -7.54337727e+00  2.46723474e+00  1.17919516e+01
 -5.03996607e+00  3.77136015e+00  1.05733503e+01
 -4.66487370e+00  3.84819605e+00  9.69300832e+00
 -4.44606982e+00  3.89301699e+00  9.17947551e+00
 -2.57151857e-01 -1.12455193e+00  3.74257307e-01
 -3.00447463e-01 -4.38508399e-01  1.04438398e+00
 -3.43743069e-01  2.47535134e-01  1.71451066e+00
 -3.68998839e-01  6.47727195e-01  2.10541789e+00
 -5.28757703e-01 -2.02056393e+00  5.86372276e-01
 -8.00363548e-01 -2.91657593e+00  7.98487244e-01
 -9.58800292e-01 -3.43924960e+00  9.22220976e-01
  5.77495938e-02 -9.14583464e-01 -5.07984337e-01
  3.72651045e-01 -7.04614997e-01 -1.39022598e+00
  5.56343558e-01 -5.82133391e-01 -1.90486694e+00
  1.21265431e+00  4.33780757e+00 -6.17021967e+00
  2.17209050e+00  4.36684797e+00 -6.15476498e+00
  3.13152669e+00  4.39588836e+00 -6.13931028e+00
  3.69119780e+00  4.41282860e+00 -6.13029504e+00
  7.04979582e-01  5.11824616e+00 -5.93616418e+00
  1.97304858e-01  5.89868476e+00 -5.70210868e+00
 -9.88387312e-02  6.35394060e+00 -5.56557631e+00
  7.60892837e-01  3.52832858e+00 -6.41972987e+00
  3.09131368e-01  2.71884958e+00 -6.66924006e+00
  4.56038447e-02  2.24665351e+00 -6.81478767e+00
 -3.53324579e+00 -8.92601049e+00 -7.51906942e+00
 -3.60348587e+00 -9.79010924e+00 -7.10675925e+00
 -3.67372595e+00 -1.06542080e+01 -6.69444909e+00
 -3.71469933e+00 -1.11582656e+01 -6.45393482e+00
 -2.75282363e+00 -8.70020488e+00 -8.03049202e+00
 -1.97240147e+00 -8.47439927e+00 -8.54191462e+00
 -1.51715521e+00 -8.34267933e+00 -8.84024447e+00
 -4.24342787e+00 -8.28771734e+00 -7.41995698e+00
 -4.95360995e+00 -7.64942420e+00 -7.32084454e+00
 -5.36788283e+00 -7.27708653e+00 -7.26302896e+00
 -5.33325392e+00  1.10261325e+01 -5.07276785e+00
 -4.45629648e+00  1.08990717e+01 -5.44209317e+00
 -3.57933904e+00  1.07720109e+01 -5.81141850e+00
 -3.06778054e+00  1.06978921e+01 -6.02685827e+00
 -5.53748272e+00  1.06936558e+01 -4.19564196e+00
 -5.74171152e+00  1.03611791e+01 -3.31851607e+00
 -5.86084498e+00  1.01672343e+01 -2.80685930e+00
 -6.00598257e+00  1.14856701e+01 -5.58056841e+00
 -6.67871121e+00  1.19452076e+01 -6.08836898e+00
 -7.07113625e+00  1.22132712e+01 -6.38458598e+00
 -1.00751207e+01 -3.30447711e+00 -1.41866480e+00
 -1.08478596e+01 -3.78493487e+00 -1.72466304e+00
 -1.16205986e+01 -4.26539262e+00 -2.03066127e+00
 -1.20713629e+01 -4.54565965e+00 -2.20916024e+00
 -9.32769696e+00 -3.78169867e+00 -1.05094577e+00
 -8.58027319e+00 -4.25892023e+00 -6.83226739e-01
 -8.14427599e+00 -4.53729948e+00 -4.68723970e-01
 -1.00498056e+01 -2.34679778e+00 -1.48038560e+00
 -1.00244904e+01 -1.38911846e+00 -1.54210641e+00
 -1.00097233e+01 -8.30472187e-01 -1.57811021e+00
  1.28060412e+01 -9.20330523e+00 -7.10784143e+00
  1.28400579e+01 -1.01083154e+01 -7.42627423e+00
  1.28740746e+01 -1.10133256e+01 -7.74470704e+00
  1.28939177e+01 -1.15412482e+01 -7.93045951e+00
  1.33525955e+01 -8.93471412e+00 -6.36572473e+00
  1.38991498e+01 -8.66612301e+00 -5.62360802e+00
  1.42179731e+01 -8.50944486e+00 -5.19070661e+00
  1.22254701e+01 -8.56688617e+00 -7.53152533e+00
  1.16448991e+01 -7.93046711e+00 -7.95520923e+00
  1.13062327e+01 -7.55922265e+00 -8.20235817e+00
  3.42780952e+00 -1.35335884e+01  3.98285344e+00
  2.83157758e+00 -1.40362545e+01  4.54270547e+00
  2.23534564e+00 -1.45389205e+01  5.10255750e+00
  1.88754367e+00 -1.48321424e+01  5.42913786e+00
  4.36809927e+00 -1.35173960e+01  4.17570828e+00
  5.30838902e+00 -1.35012035e+01  4.36856311e+00
  5.85689138e+00 -1.34917579e+01  4.48106177e+00
  3.08375171e+00 -1.30471148e+01  3.23014657e+00
  2.73969390e+00 -1.25606411e+01  2.47743970e+00
  2.53899351e+00 -1.22768648e+01  2.03836069e+00
  7.70851992e+00  7.50580464e+00 -1.02831446e+01
  7.18243745e+00  8.19289767e+00 -9.86752412e+00
  6.65635499e+00  8.87999069e+00 -9.45190360e+00
  6.34947356e+00  9.28079496e+00 -9.20945830e+00
  8.66467444e+00  7.51566559e+00 -1.01978728e+01
  9.62082896e+00  7.52552653e+00 -1.01126009e+01
  1.01785858e+01  7.53127875e+00 -1.00628590e+01
  7.27844786e+00  6.80885067e+00 -1.07840370e+01
  6.84837580e+00  6.11189670e+00 -1.12849294e+01
  6.59750043e+00  5.70534021e+00 -1.15771166e+01
 -9.28985025e+00 -7.32320486e+00 -5.12433953e+00
 -9.97814381e+00 -7.96827562e+00 -4.94619436e+00
 -1.06664374e+01 -8.61334638e+00 -4.76804918e+00
 -1.10679419e+01 -8.98963765e+00 -4.66413116e+00
 -8.71315451e+00 -7.02850084e+00 -4.41569889e+00
 -8.13645877e+00 -6.73379681e+00 -3.70705825e+00
 -7.80005292e+00 -6.56188613e+00 -3.29368454e+00
 -9.17825244e+00 -6.97283813e+00 -6.01112534e+00
 -9.06665463e+00 -6.62247140e+00 -6.89791116e+00
 -9.00155590e+00 -6.41809081e+00 -7.41520289e+00
  1.35212137e+01 -9.10994967e+00  4.98348635e+00
  1.40627416e+01 -9.89859039e+00  4.90352761e+00
  1.46042694e+01 -1.06872311e+01  4.82356887e+00
  1.49201607e+01 -1.11472715e+01  4.77692627e+00
  1.29242571e+01 -8.86354328e+00  4.27318589e+00
  1.23273006e+01 -8.61713688e+00  3.56288543e+00
  1.19790759e+01 -8.47339982e+00  3.14854350e+00
  1.35766424e+01 -8.56771535e+00  5.77374554e+00
  1.36320711e+01 -8.02548103e+00  6.56400474e+00
  1.36644046e+01 -7.70917767e+00  7.02498927e+00
 -1.03787913e+01 -7.11954828e+00  5.83159688e+00
 -9.48444144e+00 -7.42126186e+00  5.65636199e+00
 -8.59009160e+00 -7.72297543e+00  5.48112709e+00
 -8.06838752e+00 -7.89897501e+00  5.37890674e+00
 -1.05391686e+01 -6.20152923e+00  6.06207497e+00
 -1.06995458e+01 -5.28351018e+00  6.29255307e+00
 -1.07930992e+01 -4.74799907e+00  6.42699862e+00
 -1.11127639e+01 -7.73585376e+00  5.77635368e+00
 -1.18467364e+01 -8.35215924e+00  5.72111048e+00
 -1.22748871e+01 -8.71167077e+00  5.68888527e+00
 -6.68615717e-01 -1.05246650e-01  6.74786609e+00
 -8.53676793e-01 -4.58748543e-01  5.87471730e+00
 -1.03873787e+00 -8.12250437e-01  5.00156851e+00
 -1.14669016e+00 -1.01845987e+00  4.49223172e+00
  2.39676213e-01  4.84216279e-03  7.03853123e+00
  1.14796814e+00  1.14930975e-01  7.32919637e+00
  1.67780510e+00  1.79149449e-01  7.49875104e+00
 -1.39184657e+00  1.38166432e-01  7.33034975e+00
 -2.11507743e+00  3.81579513e-01  7.91283340e+00
 -2.53696209e+00  5.23570477e-01  8.25261553e+00
  1.08521854e+01  6.80130116e+00  1.10425715e+01
  1.08811911e+01  5.91313300e+00  1.06793691e+01
  1.09101968e+01  5.02496484e+00  1.03161666e+01
  1.09271167e+01  4.50686675e+00  1.01042986e+01
  1.12619630e+01  7.52783604e+00  1.05673563e+01
  1.16717406e+01  8.25437092e+00  1.00921412e+01
  1.19107775e+01  8.67818293e+00  9.81493241e+00
  1.04134022e+01  6.96293444e+00  1.18809890e+01
  9.97461893e+00  7.12456773e+00  1.27194065e+01
  9.71866204e+00  7.21885381e+00  1.32084834e+01
 -9.90965596e+00  3.59827468e-01  1.13484128e+01
 -9.69182108e+00 -2.18930608e-01  1.20827064e+01
 -9.47398620e+00 -7.97688684e-01  1.28169999e+01
 -9.34691585e+00 -1.13529756e+00  1.32453378e+01
 -1.07454507e+01  2.56697631e-01  1.08875318e+01
 -1.15812455e+01  1.53567794e-01  1.04266507e+01
 -1.20687925e+01  9.34087223e-02  1.01578035e+01
 -9.29169605e+00  1.04171538e+00  1.10750002e+01
 -8.67373614e+00  1.72360329e+00  1.08015877e+01
 -8.31325953e+00  2.12137124e+00  1.06420970e+01
 -5.15684313e+00  8.58599986e+00 -8.01036633e+00
 -4.39155114e+00  8.94229763e+00 -8.46750973e+00
 -3.62625916e+00  9.29859540e+00 -8.92465313e+00
 -3.17983884e+00  9.50643577e+00 -9.19132011e+00
 -5.24934877e+00  7.63725411e+00 -7.89668172e+00
 -5.34185442e+00  6.68850835e+00 -7.78299710e+00
 -5.39581605e+00  6.13507332e+00 -7.71668107e+00
 -5.82962946e+00  9.17844785e+00 -7.66690756e+00
 -6.50241579e+00  9.77089584e+00 -7.32344878e+00
 -6.89487449e+00  1.01164905e+01 -7.12309783e+00
  1.13012841e+01 -7.66765892e+00 -2.24463910e+00
  1.18376979e+01 -7.90088143e+00 -1.48341143e+00
  1.23741116e+01 -8.13410394e+00 -7.22183767e-01
  1.26870196e+01 -8.27015041e+00 -2.78134295e-01
  1.09765781e+01 -8.35443858e+00 -2.83158008e+00
  1.06518721e+01 -9.04121824e+00 -3.41852106e+00
  1.04624603e+01 -9.44183970e+00 -3.76090330e+00
  1.10895764e+01 -6.74765676e+00 -2.41892579e+00
  1.08778687e+01 -5.82765459e+00 -2.59321247e+00
  1.07543725e+01 -5.29098666e+00 -2.69487971e+00
  2.86067165e+00 -4.81691618e+00 -7.53112121e+00
  3.77427465e+00 -4.58612086e+00 -7.34764623e+00
  4.68787766e+00 -4.35532554e+00 -7.16417125e+00
  5.22081275e+00 -4.22069493e+00 -7.05714418e+00
  2.15696253e+00 -4.20157815e+00 -7.31259756e+00
  1.45325342e+00 -3.58624011e+00 -7.09407391e+00
  1.04275644e+00 -3.22729292e+00 -6.96660178e+00
  2.65077776e+00 -5.66304954e+00 -7.93311983e+00
  2.44088386e+00 -6.50918290e+00 -8.33511846e+00
  2.31844576e+00 -7.00276069e+00 -8.56961766e+00
  6.67420397e+00 -1.02987430e+00  4.90461572e+00
  6.21349051e+00 -3.26544185e-01  4.44129093e+00
  5.75277705e+00  3.76785929e-01  3.97796615e+00
  5.48402753e+00  7.87061828e-01  3.70769335e+00
  7.34285582e+00 -8.15745487e-01  5.55933211e+00
  8.01150767e+00 -6.01616675e-01  6.21404851e+00
  8.40155458e+00 -4.76708202e-01  6.59596640e+00
  6.46626559e+00 -1.94733322e+00  4.71322411e+00
  6.25832720e+00 -2.86479215e+00  4.52183250e+00
  6.13702981e+00 -3.39997652e+00  4.41018739e+00
  9.99261352e-01 -7.34057355e+00  6.85111822e+00
  1.91100887e-01 -7.20118737e+00  7.35016547e+00
 -6.17059577e-01 -7.06180119e+00  7.84921272e+00
 -1.08848652e+00 -6.98049258e+00  8.14032361e+00
  1.39435568e+00 -6.61345982e+00  6.36449096e+00
  1.78945000e+00 -5.88634608e+00  5.87786370e+00
  2.01992169e+00 -5.46219640e+00  5.59399780e+00
  1.41232749e+00 -8.20707347e+00  6.83869823e+00
  1.82539364e+00 -9.07357339e+00  6.82627824e+00
  2.06634889e+00 -9.57903167e+00  6.81903325e+00
  7.29516509e-02  1.22282940e+01  1.02688445e+01
  3.05636549e-01  1.27002899e+01  9.46592627e+00
  5.38321446e-01  1.31722857e+01  8.66300807e+00
  6.74054303e-01  1.34476166e+01  8.19463911e+00
 -5.83551584e-01  1.15284139e+01  1.02410721e+01
 -1.24005482e+00  1.08285337e+01  1.02132998e+01
 -1.62301504e+00  1.04202703e+01  1.01970993e+01
  4.96769988e-01  1.24561783e+01  1.10995350e+01
  9.20588325e-01  1.26840625e+01  1.19302256e+01
  1.16781569e+00  1.28169950e+01  1.24147950e+01
 -2.87246193e-02  6.72349882e-01 -6.11763562e+00
  8.27642778e-01  8.87674439e-01 -6.49429225e+00
  1.68401018e+00  1.10299900e+00 -6.87094888e+00
  2.18355782e+00  1.22860499e+00 -7.09066525e+00
 -9.03934101e-02  3.64551317e-01 -5.21041073e+00
 -1.52062201e-01  5.67527514e-02 -4.30318584e+00
 -1.88035662e-01 -1.22796412e-01 -3.77397132e+00
 -8.23423226e-01  7.64823890e-01 -6.64820389e+00
 -1.61812183e+00  8.57297899e-01 -7.17877215e+00
 -2.08169602e+00  9.11241070e-01 -7.48827030e+00
  5.32458395e+00  1.08259875e+01  2.42181575e+00
  5.87683996e+00  1.03652741e+01  3.05770609e+00
  6.42909597e+00  9.90456082e+00  3.69359644e+00
  6.75124531e+00  9.63581138e+00  4.06453247e+00
  4.37156713e+00  1.08418207e+01  2.53630696e+00
  3.41855030e+00  1.08576540e+01  2.65079817e+00
  2.86262382e+00  1.08668900e+01  2.71758471e+00
  5.72534477e+00  1.12708676e+01  1.67143419e+00
  6.12610559e+00  1.17157476e+01  9.21052635e-01
  6.35988273e+00  1.19752610e+01  4.83330060e-01
 -2.26265856e+00 -7.13314458e+00 -1.28190401e+00
 -2.86836446e+00 -7.81268438e+00 -9.77033521e-01
 -3.47407037e+00 -8.49222418e+00 -6.72163029e-01
 -3.82739881e+00 -8.88862239e+00 -4.94321909e-01
 -1.67214571e+00 -6.70222111e+00 -6.59650409e-01
 -1.08163286e+00 -6.27129765e+00 -3.73968050e-02
 -7.37167035e-01 -6.01992563e+00  3.25584464e-01
 -2.24746550e+00 -6.88452824e+00 -2.20902811e+00
 -2.23227244e+00 -6.63591190e+00 -3.13615220e+00
 -2.22340982e+00 -6.49088571e+00 -3.67697459e+00
 -1.61621922e+00  1.13355348e+01  3.52197396e-01
 -1.70316169e+00  1.03825926e+01  4.29283538e-01
 -1.79010416e+00  9.42965050e+00  5.06369679e-01
 -1.84082060e+00  8.87376758e+00  5.51336594e-01
 -7.64287122e-01  1.17531900e+01  4.98402048e-01
  8.76449796e-02  1.21708453e+01  6.44606699e-01
  5.84605372e-01  1.24144775e+01  7.29892745e-01
 -2.38120886e+00  1.18708217e+01  1.28906604e-01
 -3.14619850e+00  1.24061086e+01 -9.43841884e-02
 -3.59244245e+00  1.27183593e+01 -2.24637151e-01
  9.95058755e+00 -8.33961206e+00 -1.13556000e+01
  9.65440190e+00 -7.84159213e+00 -1.05901915e+01
  9.35821624e+00 -7.34357220e+00 -9.82478299e+00
  9.18544128e+00 -7.05306057e+00 -9.37829468e+00
  1.08022956e+01 -8.78227545e+00 -1.13400281e+01
  1.16540037e+01 -9.22493884e+00 -1.13244561e+01
  1.21508334e+01 -9.48315915e+00 -1.13153725e+01
  9.39506514e+00 -8.39496859e+00 -1.21365805e+01
  8.83954272e+00 -8.45032513e+00 -1.29175610e+01
  8.51548798e+00 -8.48261645e+00 -1.33731329e+01
 -4.45536916e-01  1.10046936e+01  2.98275973e+00
 -6.27146236e-02  1.07056936e+01  2.15472223e+00
  3.20107669e-01  1.04066937e+01  1.32668473e+00
  5.43420673e-01  1.02322770e+01  8.43662852e-01
 -1.50268791e-03  1.16801415e+01  3.50064363e+00
  4.42531540e-01  1.23555894e+01  4.01852753e+00
  7.01551507e-01  1.27496007e+01  4.32062647e+00
 -1.27239344e+00  1.06282457e+01  3.29291333e+00
 -2.09924996e+00  1.02517978e+01  3.60306693e+00
 -2.58158293e+00  1.00322032e+01  3.78398987e+00
  6.03464695e+00 -2.20683344e+00 -3.17406291e+00
  5.18210070e+00 -2.14435693e+00 -2.73718583e+00
  4.32955445e+00 -2.08188042e+00 -2.30030874e+00
  3.83223581e+00 -2.04543579e+00 -2.04546378e+00
  6.84209192e+00 -2.19403485e+00 -2.65495906e+00
  7.64953690e+00 -2.18123626e+00 -2.13585522e+00
  8.12054647e+00 -2.17377042e+00 -1.83304464e+00
  6.07974821e+00 -2.28210854e+00 -4.13004384e+00
  6.12484948e+00 -2.35738363e+00 -5.08602477e+00
  6.15115855e+00 -2.40129411e+00 -5.64368031e+00
 -3.95696680e+00 -2.03486973e+00  9.02006694e+00
 -4.44814310e+00 -1.61310111e+00  8.31122487e+00
 -4.93931939e+00 -1.19133249e+00  7.60238280e+00
 -5.22583890e+00 -9.45300795e-01  7.18889160e+00
 -4.20381510e+00 -2.91326835e+00  9.31853266e+00
 -4.45066340e+00 -3.79166696e+00  9.61699839e+00
 -4.59465825e+00 -4.30406616e+00  9.79110339e+00
 -3.21894221e+00 -1.57823974e+00  9.43044328e+00
 -2.48091761e+00 -1.12160974e+00  9.84081963e+00
 -2.05040326e+00 -8.55242245e-01  1.00802058e+01
  9.69057382e+00  2.05747380e+00 -2.40492752e+00
  9.42955741e+00  1.75869748e+00 -3.27911466e+00
  9.16854100e+00  1.45992117e+00 -4.15330179e+00
  9.01628143e+00  1.28563498e+00 -4.66324429e+00
  9.25557923e+00  1.70202578e+00 -1.62644412e+00
  8.82058465e+00  1.34657776e+00 -8.47960713e-01
  8.56683781e+00  1.13923308e+00 -3.93845392e-01
  1.03865848e+01  2.71169815e+00 -2.30922380e+00
  1.10825958e+01  3.36592249e+00 -2.21352007e+00
  1.14886022e+01  3.74755335e+00 -2.15769289e+00
  6.01713455e+00  1.99918911e+00 -1.03916318e+01
  6.28778024e+00  2.19872214e+00 -9.49244466e+00
  6.55842594e+00  2.39825516e+00 -8.59325754e+00
  6.71630259e+00  2.51464943e+00 -8.06873172e+00
  5.08429206e+00  1.96547276e+00 -1.06158373e+01
  4.15144956e+00  1.93175641e+00 -1.08400427e+01
  3.60729144e+00  1.91208854e+00 -1.09708292e+01
  6.67933135e+00  1.83337243e+00 -1.10666134e+01
  7.34152814e+00  1.66755576e+00 -1.17415951e+01
  7.72780961e+00  1.57082936e+00 -1.21353344e+01
 -5.47581124e+00  1.26641029e+01 -9.20705581e+00
 -4.91200901e+00  1.20586119e+01 -9.69399296e+00
 -4.34820679e+00  1.14531210e+01 -1.01809301e+01
 -4.01932216e+00  1.10999180e+01 -1.04649768e+01
 -6.21464218e+00  1.30909567e+01 -9.64697017e+00
 -6.95347313e+00  1.35178105e+01 -1.00868845e+01
 -7.38445785e+00  1.37668086e+01 -1.03435012e+01
 -5.30078251e+00  1.28427400e+01 -8.28020429e+00
 -5.12575379e+00  1.30213771e+01 -7.35335278e+00
 -5.02365370e+00  1.31255820e+01 -6.81268939e+00
 -8.65575877e+00  6.11518796e+00 -7.50455945e+00
 -9.30026448e+00  6.11502421e+00 -8.21604547e+00
 -9.94477019e+00  6.11486046e+00 -8.92753149e+00
 -1.03207319e+01  6.11476494e+00 -9.34256501e+00
 -8.62287329e+00  6.84933051e+00 -6.88685947e+00
 -8.58998780e+00  7.58347305e+00 -6.26915948e+00
 -8.57080461e+00  8.01172287e+00 -5.90883450e+00
 -8.04413854e+00  5.38120916e+00 -7.41077341e+00
 -7.43251831e+00  4.64723037e+00 -7.31698736e+00
 -7.07573984e+00  4.21907607e+00 -7.26227884e+00
 -1.21117492e+01  5.29513395e+00 -9.25202719e+00
 -1.19142628e+01  6.23021801e+00 -9.16137986e+00
 -1.17167765e+01  7.16530208e+00 -9.07073253e+00
 -1.16015761e+01  7.71076778e+00 -9.01785492e+00
 -1.15759748e+01  4.64462119e+00 -8.79226754e+00
 -1.10402004e+01  3.99410843e+00 -8.33250789e+00
 -1.07276653e+01  3.61464266e+00 -8.06431476e+00
 -1.28450099e+01  5.01056264e+00 -9.80243418e+00
 -1.35782707e+01  4.72599134e+00 -1.03528412e+01
 -1.40060061e+01  4.55999141e+00 -1.06739119e+01
  3.95934424e+00 -8.50700758e+00 -1.38163247e+00
  3.21195986e+00 -8.12014073e+00 -1.84353141e+00
  2.46457547e+00 -7.73327389e+00 -2.30543035e+00
  2.02860125e+00 -7.50760157e+00 -2.57487140e+00
  4.58540021e+00 -7.94157945e+00 -9.23434965e-01
  5.21145618e+00 -7.37615131e+00 -4.65237463e-01
  5.57665549e+00 -7.04631824e+00 -1.97955586e-01
  4.08067265e+00 -9.45930255e+00 -1.37793103e+00
  4.20200106e+00 -1.04115975e+01 -1.37422959e+00
  4.27277597e+00 -1.09671029e+01 -1.37207042e+00
 -6.22632997e+00 -2.69609871e+00  7.04610427e+00
 -6.16623622e+00 -3.64203695e+00  6.89382300e+00
 -6.10614248e+00 -4.58797519e+00  6.74154173e+00
 -6.07108780e+00 -5.13977250e+00  6.65271098e+00
 -5.90568644e+00 -2.08165700e+00  6.38183843e+00
 -5.58504291e+00 -1.46721528e+00  5.71757259e+00
 -5.39800085e+00 -1.10879094e+00  5.33008419e+00
 -6.60706724e+00 -2.36460219e+00  7.86265138e+00
 -6.98780451e+00 -2.03310566e+00  8.67919849e+00
 -7.20990126e+00 -1.83973269e+00  9.15551764e+00
 -1.02768657e+01  8.19726537e+00  1.34586393e+01
 -9.99257436e+00  8.96575885e+00  1.39588355e+01
 -9.70828305e+00  9.73425233e+00  1.44590317e+01
 -9.54244645e+00  1.01825402e+01  1.47508128e+01
 -9.67370149e+00  7.77585993e+00  1.28420272e+01
 -9.07053731e+00  7.35445449e+00  1.22254152e+01
 -8.71869154e+00  7.10863465e+00  1.18657248e+01
 -1.11643212e+01  7.85017733e+00  1.35750552e+01
 -1.20517766e+01  7.50308930e+00  1.36914710e+01
 -1.25694590e+01  7.30062127e+00  1.37593803e+01
  1.65312054e+00 -3.72343778e+00  8.35334324e+00
  2.16106043e+00 -3.93015152e+00  9.14129406e+00
  2.66900033e+00 -4.13686526e+00  9.92924488e+00
  2.96529860e+00 -4.25744828e+00  1.03888829e+01
  1.05441779e+00 -4.37624917e+00  7.98321852e+00
  4.55715041e-01 -5.02906056e+00  7.61309381e+00
  1.06471771e-01 -5.40986721e+00  7.39718772e+00
  1.74388339e+00 -2.86391265e+00  7.93551714e+00
  1.83464625e+00 -2.00438752e+00  7.51769104e+00
  1.88759124e+00 -1.50299786e+00  7.27395914e+00
  1.12479730e+01 -4.89522114e-01 -1.03733667e+01
  1.06648093e+01 -6.31417013e-01 -1.11226236e+01
  1.00816456e+01 -7.73311911e-01 -1.18718805e+01
  9.74146671e+00 -8.56083935e-01 -1.23089470e+01
  1.09262460e+01 -2.83434550e-02 -9.59528831e+00
  1.06045191e+01  4.32835204e-01 -8.81720991e+00
  1.04168450e+01  7.01856089e-01 -8.36333085e+00
  1.21528637e+01 -8.08805875e-01 -1.04021882e+01
  1.30577544e+01 -1.12808964e+00 -1.04310097e+01
  1.35856074e+01 -1.31433850e+00 -1.04478223e+01
 -2.97731029e+00 -1.24546792e+01  4.67976534e+00
 -2.95964312e+00 -1.19521923e+01  3.86196662e+00
 -2.94197596e+00 -1.14497053e+01  3.04416790e+00
 -2.93167011e+00 -1.11565880e+01  2.56711865e+00
 -2.72465745e+00 -1.20360487e+01  5.50591000e+00
 -2.47200462e+00 -1.16174181e+01  6.33205466e+00
 -2.32462379e+00 -1.13732169e+01  6.81397238e+00
 -3.24763029e+00 -1.33757967e+01  4.67141940e+00
 -3.51795029e+00 -1.42969142e+01  4.66307346e+00
 -3.67563696e+00 -1.48342327e+01  4.65820500e+00
  7.41677811e+00  1.02221645e+01  1.29521383e+01
  6.67056487e+00  1.07460390e+01  1.32526732e+01
  5.92435163e+00  1.12699136e+01  1.35532082e+01
  5.48906058e+00  1.15755070e+01  1.37285203e+01
  8.28363694e+00  1.03528836e+01  1.33433777e+01
  9.15049577e+00  1.04836027e+01  1.37346171e+01
  9.65616342e+00  1.05598555e+01  1.39628401e+01
  7.29613252e+00  9.56757084e+00  1.22603639e+01
  7.17548692e+00  8.91297720e+00  1.15685895e+01
  7.10511033e+00  8.53113091e+00  1.11650544e+01
 -9.49174877e+00 -4.24117210e+00 -7.89115732e+00
 -1.02227781e+01 -4.71666829e+00 -7.48978537e+00
 -1.09538075e+01 -5.19216449e+00 -7.08841342e+00
 -1.13802413e+01 -5.46953727e+00 -6.85427978e+00
 -9.53468817e+00 -3.98654661e+00 -8.81577728e+00
 -9.57762758e+00 -3.73192112e+00 -9.74039723e+00
 -9.60267557e+00 -3.58338958e+00 -1.02797589e+01
 -8.71778000e+00 -4.02030140e+00 -7.36790931e+00
 -7.94381123e+00 -3.79943069e+00 -6.84466130e+00
 -7.49232945e+00 -3.67058945e+00 -6.53943329e+00
  1.29580360e+01 -6.30641127e-01  1.21340980e+01
  1.29872296e+01 -2.72314925e-01  1.12439575e+01
  1.30164232e+01  8.60112769e-02  1.03538170e+01
  1.30334528e+01  2.95034895e-01  9.83456842e+00
  1.29592991e+01 -3.88839346e-02  1.28900225e+01
  1.29605622e+01  5.52873258e-01  1.36459470e+01
  1.29612990e+01  8.98064954e-01  1.40869029e+01
  1.29275793e+01 -1.58072452e+00  1.22683140e+01
  1.28971226e+01 -2.53080792e+00  1.24025300e+01
  1.28793562e+01 -3.08502323e+00  1.24808226e+01
 -9.33589690e+00 -1.07702042e+01  7.49851647e+00
 -9.35354674e+00 -1.09295210e+01  8.44503993e+00
 -9.37119658e+00 -1.10888377e+01  9.39156339e+00
 -9.38149232e+00 -1.11817725e+01  9.94370207e+00
 -9.15208797e+00 -1.14925606e+01  6.89352431e+00
 -8.96827904e+00 -1.22149170e+01  6.28853214e+00
 -8.86105716e+00 -1.26362916e+01  5.93562004e+00
 -9.50205599e+00 -9.88853108e+00  7.15698519e+00
 -9.66821507e+00 -9.00685793e+00  6.81545390e+00
 -9.76514121e+00 -8.49254860e+00  6.61622731e+00
 -1.25922679e+01 -6.49298423e+00  2.11409675e+00
 -1.25735301e+01 -7.39740769e+00  1.79274474e+00
 -1.25547923e+01 -8.30183114e+00  1.47139274e+00
 -1.25438619e+01 -8.82941149e+00  1.28393741e+00
 -1.19254443e+01 -6.19021793e+00  2.73480510e+00
 -1.12586207e+01 -5.88745162e+00  3.35551344e+00
 -1.08696403e+01 -5.71083795e+00  3.71759331e+00
 -1.32778293e+01 -5.89132708e+00  1.81474040e+00
 -1.39633907e+01 -5.28966993e+00  1.51538406e+00
 -1.43633015e+01 -4.93870326e+00  1.34075952e+00
 -1.14783673e+01  7.02799198e+00 -4.96906368e+00
 -1.21812140e+01  6.86243557e+00 -5.60167539e+00
 -1.28840607e+01  6.69687915e+00 -6.23428710e+00
 -1.32940547e+01  6.60030457e+00 -6.60331060e+00
 -1.09958243e+01  6.29264721e+00 -4.58432961e+00
 -1.05132813e+01  5.55730243e+00 -4.19959554e+00
 -1.02317979e+01  5.12835132e+00 -3.97516733e+00
 -1.12580636e+01  7.92889317e+00 -4.72118603e+00
 -1.10377599e+01  8.82979436e+00 -4.47330839e+00
 -1.09092495e+01  9.35532006e+00 -4.32871310e+00
 -3.23203305e+00  8.87874252e+00 -1.28273992e+01
 -2.33357636e+00  8.83465907e+00 -1.31627084e+01
 -1.43511967e+00  8.79057561e+00 -1.34980175e+01
 -9.11019937e-01  8.76486027e+00 -1.36936145e+01
 -3.81241717e+00  8.11834243e+00 -1.29083065e+01
 -4.39280129e+00  7.35794235e+00 -1.29892137e+01
 -4.73135869e+00  6.91437563e+00 -1.30364096e+01
 -3.55010562e+00  9.68322606e+00 -1.24111828e+01
 -3.86817818e+00  1.04877096e+01 -1.19949665e+01
 -4.05372051e+00  1.09569917e+01 -1.17521736e+01
  1.32590203e+00 -8.41015041e+00 -8.88352561e+00
  1.81076780e+00 -8.39977769e+00 -8.05503445e+00
  2.29563356e+00 -8.38940497e+00 -7.22654330e+00
  2.57847193e+00 -8.38335421e+00 -6.74325679e+00
  1.67910049e+00 -7.95613188e+00 -9.65210744e+00
  2.03229894e+00 -7.50211335e+00 -1.04206893e+01
  2.23833137e+00 -7.23726921e+00 -1.08690287e+01
  4.87837811e-01 -8.87454166e+00 -8.94343493e+00
 -3.50226410e-01 -9.33893291e+00 -9.00334426e+00
 -8.39097206e-01 -9.60982781e+00 -9.03829137e+00
  6.21349776e-01  1.20121571e+01 -9.68879618e+00
  1.91840264e-01  1.28595182e+01 -9.55059078e+00
 -2.37669247e-01  1.37068793e+01 -9.41238539e+00
 -4.88216462e-01  1.42011733e+01 -9.33176557e+00
  5.74013490e-01  1.15843116e+01 -1.05468798e+01
  5.26677203e-01  1.11564662e+01 -1.14049635e+01
  4.99064370e-01  1.09068897e+01 -1.19055123e+01
  1.09819557e+00  1.15926414e+01 -8.96891792e+00
  1.57504137e+00  1.11731258e+01 -8.24903967e+00
  1.85320142e+00  1.09284083e+01 -7.82911069e+00
  2.21732361e+00 -1.05037060e+00 -1.32863418e+01
  2.32551356e+00 -1.22238281e+00 -1.23480952e+01
  2.43370350e+00 -1.39439502e+00 -1.14098486e+01
  2.49681431e+00 -1.49473547e+00 -1.08625380e+01
  2.37328171e+00 -1.75094548e+00 -1.39238933e+01
  2.52923980e+00 -2.45152037e+00 -1.45614448e+01
  2.62021536e+00 -2.86018905e+00 -1.49333498e+01
  1.95317556e+00 -1.77783498e-01 -1.35870369e+01
  1.68902752e+00  6.94803600e-01 -1.38877321e+01
  1.53494116e+00  1.20381274e+00 -1.40631376e+01
 -1.18389802e+01 -1.84062426e-01 -4.72506846e+00
 -1.21824672e+01  7.10555171e-01 -4.66783158e+00
 -1.25259542e+01  1.60517277e+00 -4.61059471e+00
 -1.27263216e+01  2.12703303e+00 -4.57720653e+00
 -1.09209032e+01 -3.31369123e-01 -4.96388923e+00
 -1.00028262e+01 -4.78675820e-01 -5.20271000e+00
 -9.46728133e+00 -5.64604727e-01 -5.34202211e+00
 -1.24135703e+01 -9.31373326e-01 -4.54348456e+00
 -1.29881603e+01 -1.67868423e+00 -4.36190067e+00
 -1.33233378e+01 -2.11461558e+00 -4.25597673e+00
  1.49444365e+00  4.08171375e+00 -7.38818323e-01
  2.22966059e+00  3.63564622e+00 -3.12110222e-01
  2.96487754e+00  3.18957869e+00  1.14597878e-01
  3.39375409e+00  2.92937263e+00  3.63510937e-01
  1.08434284e+00  4.84105432e+00 -3.18319545e-01
  6.74242036e-01  5.60039490e+00  1.02179232e-01
  4.35016566e-01  6.04334356e+00  3.47470185e-01
  1.16932751e+00  3.76844070e+00 -1.58602520e+00
  8.44211365e-01  3.45516765e+00 -2.43323208e+00
  6.54560283e-01  3.27242504e+00 -2.92743609e+00
 -2.28055038e+00 -5.22417021e+00  2.54076775e+00
 -2.04497917e+00 -6.11488220e+00  2.27106726e+00
 -1.80940796e+00 -7.00559419e+00  2.00136677e+00
 -1.67199141e+00 -7.52517618e+00  1.84404148e+00
 -3.13657808e+00 -4.86099107e+00  2.30219387e+00
 -3.99260578e+00 -4.49781194e+00  2.06361999e+00
 -4.49195527e+00 -4.28595744e+00  1.92445189e+00
 -1.66009389e+00 -4.69663736e+00  3.04904212e+00
 -1.03963741e+00 -4.16910450e+00  3.55731650e+00
 -6.77704460e-01 -3.86137700e+00  3.85380988e+00
 -2.22522832e+00  3.78557658e+00  7.01856538e+00
 -1.69513529e+00  3.83782707e+00  7.81723381e+00
 -1.16504225e+00  3.89007756e+00  8.61590223e+00
 -8.55821308e-01  3.92055701e+00  9.08179215e+00
 -2.67483086e+00  2.96776767e+00  6.79351841e+00
 -3.12443339e+00  2.14995875e+00  6.56847143e+00
 -3.38670154e+00  1.67290355e+00  6.43719403e+00
 -2.30571883e+00  4.55113501e+00  6.44494392e+00
 -2.38620933e+00  5.31669344e+00  5.87132247e+00
 -2.43316212e+00  5.76326918e+00  5.53670995e+00
 -1.25240158e+01 -6.19792303e-01  3.48349233e+00
 -1.31605817e+01 -3.44489945e-01  2.81972094e+00
 -1.37971477e+01 -6.91875877e-02  2.15594954e+00
 -1.41684778e+01  9.14054543e-02  1.76874956e+00
 -1.20765340e+01  3.76235777e-02  4.02123241e+00
 -1.16290522e+01  6.95039458e-01  4.55897249e+00
 -1.13680212e+01  1.07853206e+00  4.87265421e+00
 -1.23349318e+01 -1.55251054e+00  3.60952365e+00
 -1.21458477e+01 -2.48522878e+00  3.73555496e+00
 -1.20355486e+01 -3.02931442e+00  3.80907323e+00
 -1.23751646e+01  7.77163480e+00  6.82114486e+00
 -1.22997860e+01  8.58763144e+00  6.32107731e+00
 -1.22244074e+01  9.40362807e+00  5.82100977e+00
 -1.21804365e+01  9.87962611e+00  5.52930370e+00
 -1.16005638e+01  7.22276635e+00  6.96375266e+00
 -1.08259629e+01  6.67389790e+00  7.10636046e+00
 -1.03741125e+01  6.35372464e+00  7.18954834e+00
 -1.32251441e+01  7.50450661e+00  7.17860460e+00
 -1.40751235e+01  7.23737842e+00  7.53606435e+00
 -1.45709448e+01  7.08155364e+00  7.74458254e+00
  8.61234594e+00 -7.60284067e+00  6.43812586e+00
  8.95762352e+00 -8.21924005e+00  5.78817570e+00
  9.30290110e+00 -8.83563942e+00  5.13822555e+00
  9.50431302e+00 -9.19520572e+00  4.75908796e+00
  9.02003799e+00 -7.54101957e+00  7.30505454e+00
  9.42773004e+00 -7.47919846e+00  8.17198323e+00
  9.66555041e+00 -7.44313615e+00  8.67769163e+00
  7.85937631e+00 -7.04826241e+00  6.22114733e+00
  7.10640668e+00 -6.49368414e+00  6.00416880e+00
  6.66717440e+00 -6.17018015e+00  5.87759800e+00
 -7.24218482e+00  2.85598782e+00  1.71952322e+00
 -8.13349915e+00  2.95655160e+00  2.06164263e+00
 -9.02481349e+00  3.05711538e+00  2.40376204e+00
 -9.54474684e+00  3.11577758e+00  2.60333170e+00
 -6.70684791e+00  2.10565491e+00  1.98787916e+00
 -6.17151100e+00  1.35532200e+00  2.25623510e+00
 -5.85923113e+00  9.17627797e-01  2.41277607e+00
 -6.88620741e+00  3.50575695e+00  1.10904787e+00
 -6.53022999e+00  4.15552608e+00  4.98572524e-01
 -6.32257650e+00  4.53455808e+00  1.42461903e-01
 -5.94673547e+00  4.88758269e+00  3.85633541e+00
 -6.47655964e+00  5.58407787e+00  3.46164462e+00
 -7.00638381e+00  6.28057305e+00  3.06695384e+00
 -7.31544791e+00  6.68686190e+00  2.83671755e+00
 -6.01417102e+00  4.70769600e+00  4.79691673e+00
 -6.08160658e+00  4.52780931e+00  5.73749805e+00
 -6.12094399e+00  4.42287541e+00  6.28617049e+00
 -5.34947574e+00  4.37097419e+00  3.31044487e+00
 -4.75221601e+00  3.85436570e+00  2.76455432e+00
 -4.40381450e+00  3.55301075e+00  2.44611817e+00
  1.23895964e+01  7.66925422e+00 -1.08280245e+01
  1.20237708e+01  6.85725503e+00 -1.11863943e+01
  1.16579452e+01  6.04525583e+00 -1.15447641e+01
  1.14445470e+01  5.57158963e+00 -1.17538132e+01
  1.31325704e+01  7.63415272e+00 -1.02210998e+01
  1.38755444e+01  7.59905122e+00 -9.61417507e+00
  1.43089458e+01  7.57857534e+00 -9.26013566e+00
  1.20124481e+01  8.51635493e+00 -1.10765793e+01
  1.16352997e+01  9.36345563e+00 -1.13251342e+01
  1.14152965e+01  9.85759770e+00 -1.14701245e+01
 -7.01624624e+00 -2.32244097e+00 -1.20382742e+01
 -7.22606135e+00 -2.48771936e+00 -1.11161784e+01
 -7.43587646e+00 -2.65299774e+00 -1.01940826e+01
 -7.55826861e+00 -2.74941013e+00 -9.65619336e+00
 -6.13086748e+00 -2.04724819e+00 -1.22872188e+01
 -5.24548873e+00 -1.77205541e+00 -1.25361633e+01
 -4.72901779e+00 -1.61152629e+00 -1.26813810e+01
 -7.69180988e+00 -2.43235537e+00 -1.27114254e+01
 -8.36737352e+00 -2.54226976e+00 -1.33845767e+01
 -8.76145231e+00 -2.60638649e+00 -1.37772482e+01
  1.06605645e+01 -4.99670050e+00  1.44891616e+00
  1.12576704e+01 -5.60015425e+00  1.00068838e+00
  1.18547762e+01 -6.20360800e+00  5.52460602e-01
  1.22030880e+01 -6.55562269e+00  2.90994397e-01
  1.08013568e+01 -4.78063386e+00  2.37362840e+00
  1.09421492e+01 -4.56456721e+00  3.29834063e+00
  1.10242781e+01 -4.43852833e+00  3.83775610e+00
  9.92266626e+00 -4.60931340e+00  9.72431708e-01
  9.18476803e+00 -4.22192630e+00  4.95947253e-01
  8.75432740e+00 -3.99595049e+00  2.17997988e-01
 -8.53362646e+00  1.22646361e+01  3.99381589e+00
 -9.38084143e+00  1.26620067e+01  3.77951843e+00
 -1.02280564e+01  1.30593773e+01  3.56522098e+00
 -1.07222651e+01  1.32911769e+01  3.44021414e+00
 -8.35577293e+00  1.13531119e+01  3.75072806e+00
 -8.17791941e+00  1.04415877e+01  3.50764023e+00
 -8.07417152e+00  9.90986519e+00  3.36583899e+00
 -7.86426501e+00  1.27787898e+01  4.45120117e+00
 -7.19490356e+00  1.32929434e+01  4.90858645e+00
 -6.80444272e+00  1.35928664e+01  5.17539453e+00
  7.75999110e+00 -1.06841733e+01  1.32194974e+01
  8.41287182e+00 -1.00605208e+01  1.28933007e+01
  9.06575254e+00 -9.43686831e+00  1.25671039e+01
  9.44659962e+00 -9.07307102e+00  1.23768224e+01
  7.96799687e+00 -1.16205693e+01  1.32581773e+01
  8.17600265e+00 -1.25569653e+01  1.32968572e+01
  8.29733935e+00 -1.31031963e+01  1.33194205e+01
  6.89910461e+00 -1.03714298e+01  1.35070143e+01
  6.03821811e+00 -1.00586863e+01  1.37945312e+01
  5.53603433e+00 -9.87625259e+00  1.39622493e+01
 -4.13898561e+00 -6.65713867e+00  6.46801447e+00
 -3.28817000e+00 -7.10095928e+00  6.44088424e+00
 -2.43735438e+00 -7.54477989e+00  6.41375400e+00
 -1.94104526e+00 -7.80367524e+00  6.39792803e+00
 -4.38440113e+00 -6.13630742e+00  7.23619806e+00
 -4.62981665e+00 -5.61547616e+00  8.00438165e+00
 -4.77297570e+00 -5.31165793e+00  8.45248875e+00
 -4.74438572e+00 -6.73414932e+00  5.72696112e+00
 -5.34978582e+00 -6.81115997e+00  4.98590776e+00
 -5.70293588e+00 -6.85608285e+00  4.55362664e+00
 -7.93957394e+00 -3.43789896e+00  3.98216498e+00
 -7.77517247e+00 -3.30870301e+00  4.91911778e+00
 -7.61077101e+00 -3.17950706e+00  5.85607059e+00
 -7.51487016e+00 -3.10414275e+00  6.40262640e+00
 -8.57084797e+00 -2.87830709e+00  3.52396193e+00
 -9.20212200e+00 -2.31871521e+00  3.06575888e+00
 -9.57036518e+00 -1.99228662e+00  2.79847377e+00
 -7.47270137e+00 -4.12668679e+00  3.50341521e+00
 -7.00582880e+00 -4.81547462e+00  3.02466545e+00
 -6.73348647e+00 -5.21726752e+00  2.74539476e+00
  8.30625312e+00 -6.87752809e+00 -5.54113364e+00
  8.59176747e+00 -7.65029349e+00 -6.03399791e+00
  8.87728183e+00 -8.42305889e+00 -6.52686217e+00
  9.04383187e+00 -8.87383871e+00 -6.81436633e+00
  7.43650626e+00 -6.86155693e+00 -5.13507290e+00
  6.56675940e+00 -6.84558577e+00 -4.72901216e+00
  6.05940707e+00 -6.83626926e+00 -4.49214339e+00
  8.89048562e+00 -6.12073384e+00 -5.45433012e+00
  9.47471813e+00 -5.36393960e+00 -5.36752659e+00
  9.81552042e+00 -4.92247629e+00 -5.31689121e+00
 -3.10709455e+00 -4.95896384e-01 -1.24939012e+01
 -2.90428500e+00 -1.42021179e+00 -1.26554849e+01
 -2.70147545e+00 -2.34452721e+00 -1.28170687e+01
 -2.58316987e+00 -2.88371119e+00 -1.29113259e+01
 -2.74286486e+00 -5.19335347e-02 -1.17245939e+01
 -2.37863517e+00  3.92029315e-01 -1.09552866e+01
 -2.16616785e+00  6.51007644e-01 -1.05065240e+01
 -3.67413379e+00 -1.55438232e-02 -1.31016247e+01
 -4.24117303e+00  4.64808738e-01 -1.37093483e+01
 -4.57194592e+00  7.45014398e-01 -1.40638537e+01
 -5.85921001e+00  2.34000294e-01 -6.47602798e+00
 -6.25122860e+00 -5.78026486e-01 -6.80547287e+00
 -6.64324719e+00 -1.39005327e+00 -7.13491776e+00
 -6.87192470e+00 -1.86373555e+00 -7.32709394e+00
 -5.93419642e+00  1.04429916e+00 -6.98533415e+00
 -6.00918282e+00  1.85459803e+00 -7.49464033e+00
 -6.05292489e+00  2.32727237e+00 -7.79173560e+00
 -5.39220502e+00  2.35728204e-01 -5.63727691e+00
 -4.92520002e+00  2.37456115e-01 -4.79852585e+00
 -4.65278044e+00  2.38464063e-01 -4.30925439e+00
 -4.36542726e+00  7.31102357e+00  7.65588626e+00
 -4.87914057e+00  6.95178660e+00  6.92880481e+00
 -5.39285388e+00  6.59254963e+00  6.20172336e+00
 -5.69251997e+00  6.38299473e+00  5.77759252e+00
 -3.68832780e+00  6.77551027e+00  8.07584082e+00
 -3.01122834e+00  6.23999698e+00  8.49579539e+00
 -2.61625366e+00  5.92761422e+00  8.74076888e+00
 -4.52881341e+00  8.20577384e+00  7.96301315e+00
 -4.69219956e+00  9.10052410e+00  8.27014004e+00
 -4.78750815e+00  9.62246176e+00  8.44929739e+00
  6.83867235e+00 -9.72637972e+00  1.01131000e+01
  6.94689021e+00 -1.02636755e+01  1.09012638e+01
  7.05510807e+00 -1.08009713e+01  1.16894275e+01
  7.11823515e+00 -1.11143938e+01  1.21491897e+01
  7.37045168e+00 -8.93601185e+00  9.99423296e+00
  7.90223100e+00 -8.14564397e+00  9.87536592e+00
  8.21243561e+00 -7.68459604e+00  9.80602682e+00
  6.19867517e+00 -9.97945181e+00  9.44380326e+00
  5.55867798e+00 -1.02325239e+01  8.77450652e+00
  5.18534629e+00 -1.03801493e+01  8.38408342e+00
  3.01041352e+00  6.80505795e+00 -1.12285526e+01
  2.08185232e+00  7.03662800e+00 -1.11527278e+01
  1.15329111e+00  7.26819804e+00 -1.10769029e+01
  6.11630413e-01  7.40328057e+00 -1.10326718e+01
  3.62200447e+00  7.03752394e+00 -1.05260456e+01
  4.23359542e+00  7.26998993e+00 -9.82353860e+00
  4.59035681e+00  7.40559509e+00 -9.41374286e+00
  3.32738378e+00  6.34102191e+00 -1.20068844e+01
  3.64435403e+00  5.87698587e+00 -1.27852162e+01
  3.82925335e+00  5.60629818e+00 -1.32392431e+01
 -1.85389377e+00 -8.98510702e+00 -1.19920432e+01
 -1.88886219e+00 -9.94265357e+00 -1.20510500e+01
 -1.92383061e+00 -1.09002001e+01 -1.21100569e+01
 -1.94422886e+00 -1.14587689e+01 -1.21444776e+01
 -2.24223300e+00 -8.53618985e+00 -1.12375460e+01
 -2.63057222e+00 -8.08727268e+00 -1.04830488e+01
 -2.85710344e+00 -7.82540433e+00 -1.00429254e+01
 -1.43058612e+00 -8.47647764e+00 -1.26875335e+01
 -1.00727848e+00 -7.96784825e+00 -1.33830238e+01
 -7.60349015e-01 -7.67114778e+00 -1.37887265e+01
