 2.43056632  2.27627786 -1.92146866
  1.89883979  2.88063759 -2.44455203
  1.36711325  3.48499732 -2.96763539
  1.05693943  3.83754049 -3.27276736
  3.3367027   2.08938996 -2.17757368
  4.24283907  1.90250206 -2.43367871
  4.77141863  1.79348412 -2.5830733 
  2.05615649  1.85880604 -1.14228027
  1.68174665  1.44133421 -0.36309188
  1.46334091  1.19780898  0.09143468
 -2.94554324  1.66639209 -2.834253  
 -3.41681912  1.41921507 -3.63325399
 -3.88809499  1.17203804 -4.43225497
 -4.16300591  1.02785145 -4.89833888
 -3.40473795  2.12996926 -2.13009647
 -3.86393266  2.59354644 -1.42593994
 -4.13179624  2.86396646 -1.01518197
 -2.01507266  1.44999193 -2.73940855
 -1.08460208  1.23359178 -2.6445641 
 -0.54182757  1.10735835 -2.58923817
