 8.61791914e+00 -7.20644045e+00  7.13842074e+00
  9.52474016e+00 -7.12991487e+00  6.83277476e+00
  1.04315612e+01 -7.05338928e+00  6.52712877e+00
  1.09605401e+01 -7.00874936e+00  6.34883528e+00
  8.15206735e+00 -8.04165834e+00  7.05479545e+00
  7.68621555e+00 -8.87687622e+00  6.97117015e+00
  7.41446868e+00 -9.36408665e+00  6.92238872e+00
  8.17694991e+00 -6.44774815e+00  7.52769203e+00
  7.73598069e+00 -5.68905585e+00  7.91696331e+00
  7.47874864e+00 -5.24648534e+00  8.14403823e+00
 -5.68639386e+00  2.50812312e+00  2.03159930e+00
 -5.49797146e+00  3.43117025e+00  1.84698897e+00
 -5.30954906e+00  4.35421739e+00  1.66237863e+00
 -5.19963599e+00  4.89266156e+00  1.55468927e+00
 -5.18556924e+00  2.04125623e+00  2.70451089e+00
 -4.68474461e+00  1.57438934e+00  3.37742248e+00
 -4.39259691e+00  1.30205033e+00  3.76995424e+00
 -6.37564089e+00  2.05194286e+00  1.54329805e+00
 -7.06488792e+00  1.59576261e+00  1.05499680e+00
 -7.46694868e+00  1.32965746e+00  7.70154405e-01
  6.49004445e+00  8.56249578e-01  8.06182441e+00
  6.34582486e+00  1.60331121e+00  8.64722994e+00
  6.20160528e+00  2.35037285e+00  9.23263546e+00
  6.11747718e+00  2.78615880e+00  9.57412201e+00
  5.79121178e+00  5.68340167e-01  7.46992825e+00
  5.09237911e+00  2.80430756e-01  6.87803208e+00
  4.68472672e+00  1.12483600e-01  6.53275932e+00
  7.33309671e+00  3.97097354e-01  8.06831506e+00
  8.17614896e+00 -6.20548692e-02  8.07480570e+00
  8.66792945e+00 -3.29893666e-01  8.07859191e+00
  6.95353826e+00  4.11428802e+00 -2.25318506e-01
  7.33532859e+00  4.99442211e+00 -1.90675542e-01
  7.71711892e+00  5.87455619e+00 -1.56032578e-01
  7.93982995e+00  6.38796774e+00 -1.35824183e-01
  7.29386723e+00  3.42067330e+00  3.44483923e-01
  7.63419621e+00  2.72705858e+00  9.14286351e-01
  7.83272145e+00  2.32244999e+00  1.24667110e+00
  6.23141895e+00  3.92776866e+00 -8.29763897e-01
  5.50929964e+00  3.74124930e+00 -1.43420929e+00
  5.08806338e+00  3.63244633e+00 -1.78680243e+00
 -9.49801690e+00  3.26837083e+00  8.19996341e+00
 -8.87914231e+00  2.66529256e+00  7.78176389e+00
 -8.26026771e+00  2.06221430e+00  7.36356437e+00
 -7.89925752e+00  1.71041864e+00  7.11961465e+00
 -9.43453066e+00  4.21196484e+00  8.03503969e+00
 -9.37104442e+00  5.15555886e+00  7.87011598e+00
 -9.33401078e+00  5.70598870e+00  7.77391047e+00
 -1.01803777e+01  2.92785508e+00  8.78308665e+00
 -1.08627386e+01  2.58733933e+00  9.36620988e+00
 -1.12607824e+01  2.38870514e+00  9.70636511e+00
  1.14151406e+00 -7.37321815e+00 -2.29763877e+00
  1.16562124e+00 -8.32764179e+00 -2.39810954e+00
  1.18972842e+00 -9.28206542e+00 -2.49858031e+00
  1.20379094e+00 -9.83881253e+00 -2.55718826e+00
  2.99719946e-01 -6.92175119e+00 -2.20192955e+00
 -5.42074165e-01 -6.47028423e+00 -2.10622032e+00
 -1.03312073e+00 -6.20692850e+00 -2.05038994e+00
  1.95920099e+00 -6.87026149e+00 -2.29287722e+00
  2.77688792e+00 -6.36730482e+00 -2.28811567e+00
  3.25387196e+00 -6.07391343e+00 -2.28533810e+00
 -5.44984623e+00  8.70029406e+00  5.60600798e+00
 -5.71392447e+00  9.09650388e+00  4.77241307e+00
 -5.97800270e+00  9.49271370e+00  3.93881817e+00
 -6.13204834e+00  9.72383610e+00  3.45255448e+00
 -4.52887689e+00  8.71970891e+00  5.87626442e+00
 -3.60790755e+00  8.73912376e+00  6.14652086e+00
 -3.07067544e+00  8.75044909e+00  6.30417046e+00
 -6.10673732e+00  8.28466939e+00  6.16934643e+00
 -6.76362842e+00  7.86904472e+00  6.73268489e+00
 -7.14681489e+00  7.62659699e+00  7.06129899e+00
 -1.08785840e+01  8.15307561e-01 -5.62584949e+00
 -1.06190809e+01  1.05211658e+00 -4.73244051e+00
 -1.03595778e+01  1.28892560e+00 -3.83903153e+00
 -1.02082009e+01  1.42706420e+00 -3.31787630e+00
 -1.12685510e+01  1.47560316e+00 -6.20337480e+00
 -1.16585180e+01  2.13589875e+00 -6.78090011e+00
 -1.18859987e+01  2.52107118e+00 -7.11778987e+00
 -1.07481202e+01 -8.17970562e-02 -5.94173316e+00
 -1.06176564e+01 -9.78901673e-01 -6.25761684e+00
 -1.05415525e+01 -1.50221270e+00 -6.44188231e+00
  5.40714274e+00  7.44218759e+00  6.37295821e+00
  6.00571926e+00  8.04655663e+00  5.92793663e+00
  6.60429577e+00  8.65092568e+00  5.48291504e+00
  6.95346541e+00  9.00347429e+00  5.22331912e+00
  5.67009918e+00  7.02626573e+00  7.19725362e+00
  5.93305561e+00  6.61034388e+00  8.02154904e+00
  6.08644686e+00  6.36772280e+00  8.50238803e+00
  4.54560980e+00  7.25374039e+00  5.99368438e+00
  3.68407685e+00  7.06529319e+00  5.61441055e+00
  3.18151597e+00  6.95536566e+00  5.39316748e+00
 -5.09546287e-01  1.85626202e+00  7.63136428e+00
 -1.39663496e+00  1.62457529e+00  7.91596039e+00
 -2.28372363e+00  1.39288856e+00  8.20055650e+00
 -2.80119202e+00  1.25773797e+00  8.36657090e+00
  2.03336800e-01  1.21881051e+00  7.71534804e+00
  9.16219886e-01  5.81358996e-01  7.79933181e+00
  1.33206835e+00  2.09512280e-01  7.84832234e+00
 -3.35340702e-01  2.72540027e+00  7.26278440e+00
 -1.61135117e-01  3.59453851e+00  6.89420452e+00
 -5.95151924e-02  4.10153582e+00  6.67919959e+00
 -1.00580141e+01 -1.71015065e+00  4.07015900e+00
 -9.78759930e+00 -1.94435504e+00  3.17930315e+00
 -9.51718452e+00 -2.17855943e+00  2.28844730e+00
 -9.35944257e+00 -2.31517866e+00  1.76878138e+00
 -9.95825069e+00 -2.34389960e+00  4.78430853e+00
 -9.85848730e+00 -2.97764854e+00  5.49845805e+00
 -9.80029199e+00 -3.34733543e+00  5.91504527e+00
 -1.04281922e+01 -8.42197314e-01  4.24686534e+00
 -1.07983704e+01  2.57560229e-02  4.42357167e+00
 -1.10143077e+01  5.32062136e-01  4.52665036e+00
 -3.63141213e-01  6.01741854e+00 -8.50386880e+00
 -5.65997431e-01  6.91419481e+00 -8.22774982e+00
 -7.68853649e-01  7.81097107e+00 -7.95163084e+00
 -8.87186442e-01  8.33409055e+00 -7.79056143e+00
 -1.04646580e+00  5.47039673e+00 -8.89812082e+00
 -1.72979038e+00  4.92337492e+00 -9.29237283e+00
 -2.12839639e+00  4.60427886e+00 -9.52235317e+00
  5.23039588e-01  5.66766410e+00 -8.38573577e+00
  1.40922039e+00  5.31790965e+00 -8.26760274e+00
  1.92615919e+00  5.11388622e+00 -8.19869180e+00
  1.78561390e+00  5.69019702e+00 -3.85684006e+00
  1.06448277e+00  5.12035701e+00 -4.13406247e+00
  3.43351641e-01  4.55051701e+00 -4.41128489e+00
 -7.73081831e-02  4.21811034e+00 -4.57299796e+00
  2.61523803e+00  5.68393098e+00 -4.33983544e+00
  3.44486216e+00  5.67766494e+00 -4.82283082e+00
  3.92880957e+00  5.67400975e+00 -5.10457812e+00
  1.67712089e+00  6.26630306e+00 -3.09662226e+00
  1.56862789e+00  6.84240911e+00 -2.33640447e+00
  1.50534030e+00  7.17847097e+00 -1.89294409e+00
  5.48271021e+00  6.70207879e-01 -4.72014924e+00
  6.41290551e+00  4.89055275e-01 -4.56678546e+00
  7.34310080e+00  3.07902671e-01 -4.41342169e+00
  7.88571472e+00  2.02230319e-01 -4.32395949e+00
  5.01286714e+00  1.28363831e+00 -4.15045581e+00
  4.54302407e+00  1.89706874e+00 -3.58076239e+00
  4.26894895e+00  2.25490315e+00 -3.24844122e+00
  5.02235799e+00  2.37930055e-01 -5.44320643e+00
  4.56200576e+00 -1.94347769e-01 -6.16626363e+00
  4.29346697e+00 -4.46509834e-01 -6.58804700e+00
 -4.83609997e+00 -8.76862747e+00  4.60985288e+00
 -5.70506339e+00 -9.17593335e+00  4.63443935e+00
 -6.57402681e+00 -9.58323923e+00  4.65902582e+00
 -7.08092214e+00 -9.82083433e+00  4.67336792e+00
 -4.16506066e+00 -9.03060977e+00  5.24441692e+00
 -3.49402134e+00 -9.29259207e+00  5.87898095e+00
 -3.10258174e+00 -9.44541508e+00  6.24914331e+00
 -4.63817586e+00 -8.09933929e+00  3.95070238e+00
 -4.44025176e+00 -7.43005112e+00  3.29155188e+00
 -4.32479603e+00 -7.03963301e+00  2.90704742e+00
 -5.66667953e+00  2.42358017e+00 -4.56916273e+00
 -4.82718155e+00  2.05954942e+00 -4.85954997e+00
 -3.98768356e+00  1.69551867e+00 -5.14993721e+00
 -3.49797640e+00  1.48316740e+00 -5.31932977e+00
 -6.05805884e+00  2.12841256e+00 -3.74375476e+00
 -6.44943815e+00  1.83324495e+00 -2.91834679e+00
 -6.67774275e+00  1.66106384e+00 -2.43685881e+00
 -6.11479820e+00  3.08277853e+00 -5.10418346e+00
 -6.56291687e+00  3.74197688e+00 -5.63920419e+00
 -6.82431943e+00  4.12650926e+00 -5.95129962e+00
 -7.65855751e-01  8.13412643e+00  2.34593643e-01
 -1.13313472e+00  8.37449653e+00 -6.19179380e-01
 -1.50041369e+00  8.61486662e+00 -1.47295240e+00
 -1.71465976e+00  8.75508251e+00 -1.97098667e+00
  1.48947435e-01  7.85070657e+00  3.00988769e-01
  1.06375062e+00  7.56728671e+00  3.67383896e-01
  1.59738581e+00  7.40195846e+00  4.06114387e-01
 -1.31337997e+00  8.17717619e+00  1.02197154e+00
 -1.86090418e+00  8.22022596e+00  1.80934943e+00
 -2.18029331e+00  8.24533832e+00  2.26865321e+00
  1.03816085e+01 -2.65268519e+00 -1.85883779e+00
  9.49428136e+00 -2.95242635e+00 -2.06956439e+00
  8.60695417e+00 -3.25216751e+00 -2.28029098e+00
  8.08934665e+00 -3.42701652e+00 -2.40321483e+00
  1.06855423e+01 -1.79669655e+00 -2.16949475e+00
  1.09894760e+01 -9.40707904e-01 -2.48015170e+00
  1.11667707e+01 -4.41381197e-01 -2.66136826e+00
  1.09650020e+01 -3.20893266e+00 -1.33745425e+00
  1.15483955e+01 -3.76518014e+00 -8.16070704e-01
  1.18887083e+01 -4.08965784e+00 -5.11930302e-01
  4.71215949e+00  8.27613144e+00 -6.97372785e+00
  5.07682419e+00  9.15160758e+00 -7.12259418e+00
  5.44148888e+00  1.00270837e+01 -7.27146051e+00
  5.65420995e+00  1.05377781e+01 -7.35829921e+00
  4.39211601e+00  7.75702671e+00 -7.71514706e+00
  4.07207253e+00  7.23792199e+00 -8.45656628e+00
  3.88538051e+00  6.93511090e+00 -8.88906082e+00
  4.66753828e+00  7.91976002e+00 -6.08344230e+00
  4.62291707e+00  7.56338860e+00 -5.19315675e+00
  4.59688802e+00  7.35550528e+00 -4.67382351e+00
  6.21651544e+00 -6.49654997e+00 -5.65361036e+00
  6.47244140e+00 -7.29658625e+00 -5.18880519e+00
  6.72836737e+00 -8.09662254e+00 -4.72400002e+00
  6.87765751e+00 -8.56331037e+00 -4.45286367e+00
  5.30511748e+00 -6.19621117e+00 -5.62621750e+00
  4.39371953e+00 -5.89587236e+00 -5.59882465e+00
  3.86207072e+00 -5.72067473e+00 -5.58284549e+00
  6.87198743e+00 -5.99685249e+00 -6.14580838e+00
  7.52745943e+00 -5.49715501e+00 -6.63800640e+00
  7.90981809e+00 -5.20566481e+00 -6.92512191e+00
  1.82750060e+00  2.39938366e+00 -1.06387790e+01
  9.10129454e-01  2.11776047e+00 -1.06655850e+01
 -7.24169009e-03  1.83613727e+00 -1.06923909e+01
 -5.42374858e-01  1.67185707e+00 -1.07080277e+01
  2.52192278e+00  1.80064383e+00 -1.09231880e+01
  3.21634497e+00  1.20190400e+00 -1.12075969e+01
  3.62142458e+00  8.52639092e-01 -1.13735021e+01
  2.05044956e+00  3.27974670e+00 -1.03275642e+01
  2.27339851e+00  4.16010973e+00 -1.00163493e+01
  2.40345207e+00  4.67365483e+00 -9.83480731e+00
  9.28656977e+00  3.61883490e+00  2.81025344e+00
  1.01403685e+01  3.21836340e+00  2.63066988e+00
  1.09941673e+01  2.81789189e+00  2.45108632e+00
  1.14922166e+01  2.58428351e+00  2.34632924e+00
  9.19567237e+00  4.57451836e+00  2.81285901e+00
  9.10477497e+00  5.53020182e+00  2.81546457e+00
  9.05175148e+00  6.08768384e+00  2.81698449e+00
  8.52366841e+00  3.06362295e+00  2.98723144e+00
  7.76076705e+00  2.50841100e+00  3.16420943e+00
  7.31574126e+00  2.18453736e+00  3.26744659e+00
 -5.47029067e+00 -8.11153396e+00 -9.22887715e+00
 -5.99900170e+00 -7.61722118e+00 -8.59822708e+00
 -6.52771274e+00 -7.12290839e+00 -7.96757701e+00
 -6.83612751e+00 -6.83455927e+00 -7.59969780e+00
 -5.71567224e+00 -8.12217885e+00 -1.01569260e+01
 -5.96105381e+00 -8.13282374e+00 -1.10849747e+01
 -6.10419306e+00 -8.13903326e+00 -1.16263365e+01
 -4.69619806e+00 -8.59520186e+00 -8.93147843e+00
 -3.92210546e+00 -9.07886975e+00 -8.63407970e+00
 -3.47055144e+00 -9.36100936e+00 -8.46059711e+00
 -8.81882138e+00  9.72351786e+00  2.96561082e+00
 -9.29091321e+00  9.81909415e+00  2.13519256e+00
 -9.76300503e+00  9.91467044e+00  1.30477430e+00
 -1.00383919e+01  9.97042328e+00  8.20363654e-01
 -8.27416752e+00  8.94853771e+00  3.12168113e+00
 -7.72951366e+00  8.17355756e+00  3.27775144e+00
 -7.41179891e+00  7.72148581e+00  3.36879245e+00
 -8.89138342e+00  1.04029217e+01  3.63995876e+00
 -8.96394545e+00  1.10823256e+01  4.31430671e+00
 -9.00627331e+00  1.14786445e+01  4.70767634e+00
  1.01772018e+01  8.29168154e+00 -6.90368203e+00
  1.05985628e+01  7.99325264e+00 -6.09436438e+00
  1.10199239e+01  7.69482373e+00 -5.28504674e+00
  1.12657178e+01  7.52074021e+00 -4.81294477e+00
  9.62450309e+00  7.68961046e+00 -7.40730346e+00
  9.07180438e+00  7.08753937e+00 -7.91092488e+00
  8.74939679e+00  6.73633123e+00 -8.20470405e+00
  1.03085395e+01  9.19218154e+00 -7.20937826e+00
  1.04398771e+01  1.00926815e+01 -7.51507448e+00
  1.05164908e+01  1.06179732e+01 -7.69339728e+00
  3.18732376e-01 -3.61930902e+00 -5.35040363e+00
  8.70449735e-01 -3.00054799e+00 -5.83449324e+00
  1.42216709e+00 -2.38178696e+00 -6.31858285e+00
  1.74400222e+00 -2.02084303e+00 -6.60096845e+00
  3.90786349e-01 -3.68088008e+00 -4.39509361e+00
  4.62840322e-01 -3.74245115e+00 -3.43978360e+00
  5.04871807e-01 -3.77836760e+00 -2.88251942e+00
 -3.05038955e-01 -4.17649898e+00 -5.82162404e+00
 -9.28810286e-01 -4.73368894e+00 -6.29284445e+00
 -1.29267690e+00 -5.05871642e+00 -6.56772302e+00
 -7.40717320e+00 -3.09647683e+00 -7.28605894e+00
 -7.62429248e+00 -2.21643560e+00 -6.96985228e+00
 -7.84141175e+00 -1.33639436e+00 -6.65364562e+00
 -7.96806466e+00 -8.23036979e-01 -6.46919174e+00
 -7.28554725e+00 -3.81473314e+00 -6.66082699e+00
 -7.16392130e+00 -4.53298945e+00 -6.03559503e+00
 -7.09297283e+00 -4.95197230e+00 -5.67087639e+00
 -7.31167988e+00 -3.25826175e+00 -8.22749756e+00
 -7.21618656e+00 -3.42004667e+00 -9.16893617e+00
 -7.16048212e+00 -3.51442120e+00 -9.71810870e+00
  8.36953642e+00  6.59428912e+00 -3.21481949e+00
  8.80222011e+00  6.03779589e+00 -2.56312930e+00
  9.23490379e+00  5.48130265e+00 -1.91143910e+00
  9.48730261e+00  5.15668160e+00 -1.53128649e+00
  8.61695846e+00  7.51818812e+00 -3.29723893e+00
  8.86438051e+00  8.44208712e+00 -3.37965837e+00
  9.00871004e+00  8.98102821e+00 -3.42773637e+00
  7.68943069e+00  6.22688335e+00 -3.78409025e+00
  7.00932495e+00  5.85947758e+00 -4.35336100e+00
  6.61259661e+00  5.64515754e+00 -4.68543561e+00
  3.96064853e+00 -6.01475508e+00  1.01524993e+01
  4.46776217e+00 -5.42383968e+00  1.07139748e+01
  4.97487581e+00 -4.83292428e+00  1.12754503e+01
  5.27069210e+00 -4.48822363e+00  1.16029777e+01
  3.48810803e+00 -6.75587232e+00  1.05385702e+01
  3.01556752e+00 -7.49698956e+00  1.09246410e+01
  2.73991889e+00 -7.92930796e+00  1.11498490e+01
  3.92607540e+00 -5.86455324e+00  9.20495297e+00
  3.89150227e+00 -5.71435141e+00  8.25740661e+00
  3.87133461e+00 -5.62673367e+00  7.70467123e+00
  3.36157392e+00 -2.77736526e+00  4.94364905e+00
  4.01332797e+00 -2.62859690e+00  4.25467545e+00
  4.66508203e+00 -2.47982854e+00  3.56570185e+00
  5.04527190e+00 -2.39304699e+00  3.16380058e+00
  2.42544490e+00 -2.71358927e+00  4.74068332e+00
  1.48931589e+00 -2.64981328e+00  4.53771758e+00
  9.43240628e-01 -2.61261062e+00  4.41932090e+00
  3.64594888e+00 -2.98990961e+00  5.83558839e+00
  3.93032384e+00 -3.20245397e+00  6.72752772e+00
  4.09620923e+00 -3.32643817e+00  7.24782567e+00
 -3.69274733e+00 -1.59118863e+00 -6.43431989e+00
 -2.83577110e+00 -1.99604601e+00 -6.28173470e+00
 -1.97879486e+00 -2.40090339e+00 -6.12914952e+00
 -1.47889206e+00 -2.63707019e+00 -6.04014149e+00
 -4.30519844e+00 -1.47429601e+00 -5.70436116e+00
 -4.91764956e+00 -1.35740339e+00 -4.97440243e+00
 -5.27491271e+00 -1.28921603e+00 -4.54859317e+00
 -3.93727245e+00 -1.30322387e+00 -7.31686381e+00
 -4.18179757e+00 -1.01525912e+00 -8.19940772e+00
 -4.32443722e+00 -8.47279673e-01 -8.71422501e+00
  3.36053343e+00  4.43617474e-01  8.84673024e+00
  3.07637603e+00  7.31292817e-01  9.71741817e+00
  2.79221864e+00  1.01896816e+00  1.05881061e+01
  2.62646016e+00  1.18677878e+00  1.10960074e+01
  3.19597861e+00  9.98160409e-01  8.08056848e+00
  3.03142379e+00  1.55270334e+00  7.31440671e+00
  2.93543347e+00  1.87618672e+00  6.86747902e+00
  3.80924565e+00 -3.98600803e-01  8.74220407e+00
  4.25795786e+00 -1.24081908e+00  8.63767790e+00
  4.51970666e+00 -1.73211308e+00  8.57670430e+00
  1.90457820e+00 -6.44029941e+00 -4.26453099e+00
  1.65179663e+00 -5.78965953e+00 -3.60546405e+00
  1.39901506e+00 -5.13901965e+00 -2.94639712e+00
  1.25155915e+00 -4.75947972e+00 -2.56194141e+00
  1.89536424e+00 -6.20849228e+00 -5.19607838e+00
  1.88615028e+00 -5.97668514e+00 -6.12762578e+00
  1.88077547e+00 -5.84146431e+00 -6.67102843e+00
  2.16657372e+00 -7.32274643e+00 -3.99205052e+00
  2.42856925e+00 -8.20519345e+00 -3.71957006e+00
  2.58139997e+00 -8.71995421e+00 -3.56062312e+00
 -3.11712209e+00 -4.55275558e+00 -3.82226360e+00
 -2.73287923e+00 -4.85723936e+00 -2.99688669e+00
 -2.34863636e+00 -5.16172314e+00 -2.17150978e+00
 -2.12449468e+00 -5.33933867e+00 -1.69003991e+00
 -3.27075387e+00 -3.61568949e+00 -3.96334662e+00
 -3.42438564e+00 -2.67862340e+00 -4.10442964e+00
 -3.51400417e+00 -2.13200151e+00 -4.18672806e+00
 -3.34773319e+00 -5.18533790e+00 -4.50655750e+00
 -3.57834429e+00 -5.81792022e+00 -5.19085139e+00
 -3.71286743e+00 -6.18692657e+00 -5.59002283e+00
  4.94442112e+00  5.17347879e+00  1.35146794e+00
  4.92974444e+00  5.54891606e+00  4.68047622e-01
  4.91506777e+00  5.92435332e+00 -4.15372693e-01
  4.90650637e+00  6.14335840e+00 -9.30701211e-01
  5.65648148e+00  5.39581170e+00  1.95573453e+00
  6.36854185e+00  5.61814461e+00  2.56000112e+00
  6.78391039e+00  5.74783881e+00  2.91248996e+00
  4.24703743e+00  4.57570861e+00  1.63062166e+00
  3.54965374e+00  3.97793843e+00  1.90977538e+00
  3.14284658e+00  3.62923916e+00  2.07261506e+00
 -9.08252796e+00  6.51748978e+00 -2.28034151e+00
 -8.18872159e+00  6.53094938e+00 -2.63038296e+00
 -7.29491523e+00  6.54440897e+00 -2.98042442e+00
 -6.77352818e+00  6.55226040e+00 -3.18461526e+00
 -9.63263726e+00  7.30209566e+00 -2.33842239e+00
 -1.01827466e+01  8.08670153e+00 -2.39650326e+00
 -1.05036436e+01  8.54438829e+00 -2.43038377e+00
 -9.42622503e+00  5.71942432e+00 -1.87221918e+00
 -9.76992210e+00  4.92135885e+00 -1.46409685e+00
 -9.97041206e+00  4.45582066e+00 -1.22602549e+00
  7.31426767e+00 -1.18199620e+00 -2.02005856e+00
  7.27767852e+00 -1.08550005e+00 -1.06562169e+00
  7.24108937e+00 -9.89003890e-01 -1.11184831e-01
  7.21974570e+00 -9.32714465e-01  4.45570006e-01
  8.00197951e+00 -7.37802879e-01 -2.52140147e+00
  8.68969134e+00 -2.93609555e-01 -3.02274439e+00
  9.09085658e+00 -3.44967819e-02 -3.31519442e+00
  6.66314498e+00 -1.72268569e+00 -2.47315251e+00
  6.01202229e+00 -2.26337517e+00 -2.92624645e+00
  5.63220072e+00 -2.57877736e+00 -3.19055126e+00
 -6.24002937e+00  9.36376385e+00 -2.16378587e+00
 -7.16142345e+00  9.52529630e+00 -1.94805405e+00
 -8.08281753e+00  9.68682875e+00 -1.73232224e+00
 -8.62029741e+00  9.78105602e+00 -1.60647868e+00
 -5.86294692e+00  9.73298954e+00 -2.96570932e+00
 -5.48586448e+00  1.01022152e+01 -3.76763277e+00
 -5.26589972e+00  1.03175969e+01 -4.23542145e+00
 -5.69571773e+00  8.83300571e+00 -1.57759423e+00
 -5.15140609e+00  8.30224757e+00 -9.91402592e-01
 -4.83389097e+00  7.99263865e+00 -6.49457470e-01
 -3.18864650e+00  3.39953091e+00  3.50765411e+00
 -3.39081524e+00  4.31752052e+00  3.70264869e+00
 -3.59298397e+00  5.23551013e+00  3.89764327e+00
 -3.71091574e+00  5.77100406e+00  4.01139011e+00
 -2.84249948e+00  3.15688055e+00  2.64573588e+00
 -2.49635246e+00  2.91423019e+00  1.78381765e+00
 -2.29443337e+00  2.77268414e+00  1.28103201e+00
 -3.33262478e+00  2.72419167e+00  4.17457777e+00
 -3.47660307e+00  2.04885243e+00  4.84150142e+00
 -3.56059040e+00  1.65490454e+00  5.23054022e+00
  6.34093619e+00 -1.00343711e+01 -8.62443490e+00
  6.66626641e+00 -9.26802590e+00 -8.14644406e+00
  6.99159663e+00 -8.50168067e+00 -7.66845323e+00
  7.18137259e+00 -8.05464595e+00 -7.38962524e+00
  6.93429835e+00 -1.05357606e+01 -9.18846498e+00
  7.52766052e+00 -1.10371501e+01 -9.75249506e+00
  7.87378845e+00 -1.13296273e+01 -1.00815126e+01
  5.42224380e+00 -1.02993269e+01 -8.53839566e+00
  4.50355142e+00 -1.05642826e+01 -8.45235642e+00
  3.96764752e+00 -1.07188401e+01 -8.40216686e+00
 -8.50957155e-01  8.18565415e+00  9.44545375e+00
 -1.53533967e+00  8.81945351e+00  9.21847589e+00
 -2.21972218e+00  9.45325287e+00  8.99149803e+00
 -2.61894531e+00  9.82296916e+00  8.85909428e+00
 -7.58514405e-01  7.88301371e+00  1.03517998e+01
 -6.66071656e-01  7.58037327e+00  1.12581458e+01
 -6.12146719e-01  7.40383301e+00  1.17868476e+01
 -2.59017393e-01  7.85449523e+00  8.76608560e+00
  3.32922369e-01  7.52333631e+00  8.08671745e+00
  6.78220563e-01  7.33016028e+00  7.69041936e+00
 -2.40270886e+00 -4.07201871e+00  8.02889294e+00
 -2.38732771e+00 -4.76956097e+00  8.68828525e+00
 -2.37194655e+00 -5.46710323e+00  9.34767755e+00
 -2.36297421e+00 -5.87400288e+00  9.73232307e+00
 -2.24156703e+00 -4.28050203e+00  7.10576347e+00
 -2.08042521e+00 -4.48898535e+00  6.18263400e+00
 -1.98642581e+00 -4.61060061e+00  5.64414181e+00
 -2.57923185e+00 -3.16599313e+00  8.29263010e+00
 -2.75575483e+00 -2.25996756e+00  8.55636726e+00
 -2.85872657e+00 -1.73145264e+00  8.71021394e+00
 -8.15706975e+00 -7.83773933e+00 -2.62320748e+00
 -8.21870931e+00 -8.68032247e+00 -2.16729714e+00
 -8.28034887e+00 -9.52290560e+00 -1.71138681e+00
 -8.31630528e+00 -1.00144124e+01 -1.44543911e+00
 -7.66831888e+00 -7.11243923e+00 -2.22740153e+00
 -7.17956801e+00 -6.38713913e+00 -1.83159558e+00
 -6.89446334e+00 -5.96404740e+00 -1.60070878e+00
 -8.58418105e+00 -7.72045631e+00 -3.47492376e+00
 -9.01129236e+00 -7.60317328e+00 -4.32664004e+00
 -9.26044062e+00 -7.53475818e+00 -4.82347454e+00
  1.41172357e-01  4.65983415e+00  1.00915610e+01
  3.86540020e-01  5.33345345e+00  1.07300215e+01
  6.31907682e-01  6.00707276e+00  1.13684819e+01
  7.75038818e-01  6.40001735e+00  1.17409172e+01
  8.08144825e-01  4.27821099e+00  9.51613813e+00
  1.47511729e+00  3.89658784e+00  8.94071524e+00
  1.86418456e+00  3.67397433e+00  8.60505189e+00
 -7.71167773e-01  4.36783799e+00  1.00285234e+01
 -1.68350790e+00  4.07584184e+00  9.96548589e+00
 -2.21570631e+00  3.90551075e+00  9.92871398e+00
  5.62096860e+00  8.20725961e-01 -9.35180108e+00
  6.42534153e+00  1.29590042e+00 -9.13090874e+00
  7.22971445e+00  1.77107489e+00 -8.91001641e+00
  7.69893199e+00  2.04825999e+00 -8.78116255e+00
  4.77050636e+00  1.15259505e+00 -9.05485514e+00
  3.92004413e+00  1.48446414e+00 -8.75790920e+00
  3.42394115e+00  1.67805444e+00 -8.58469073e+00
  5.66705791e+00  1.36824070e-02 -9.86963935e+00
  5.71314722e+00 -7.93361147e-01 -1.03874776e+01
  5.74003265e+00 -1.26413655e+00 -1.06895500e+01
 -1.08062044e+01 -5.85453941e+00  4.97651565e+00
 -1.09546291e+01 -6.69711435e+00  4.54104168e+00
 -1.11030538e+01 -7.53968929e+00  4.10556771e+00
 -1.11896348e+01 -8.03119134e+00  3.85154122e+00
 -1.12153591e+01 -5.67468123e+00  5.82612938e+00
 -1.16245137e+01 -5.49482305e+00  6.67574310e+00
 -1.18631873e+01 -5.38990578e+00  7.17135111e+00
 -1.02486250e+01 -5.19182265e+00  4.56237590e+00
 -9.69104563e+00 -4.52910589e+00  4.14823615e+00
 -9.36579099e+00 -4.14252111e+00  3.90665463e+00
 -8.27672069e+00 -9.51488472e+00 -7.70504364e+00
 -8.96176685e+00 -9.11484053e+00 -8.24566959e+00
 -9.64681300e+00 -8.71479633e+00 -8.78629554e+00
 -1.00464233e+01 -8.48143722e+00 -9.10166067e+00
 -7.54812077e+00 -9.98138146e+00 -8.12112409e+00
 -6.81952085e+00 -1.04478782e+01 -8.53720454e+00
 -6.39450423e+00 -1.07200013e+01 -8.77991813e+00
 -8.32027447e+00 -9.44843217e+00 -6.74833725e+00
 -8.36382824e+00 -9.38197961e+00 -5.79163085e+00
 -8.38923460e+00 -9.34321562e+00 -5.23355212e+00
 -1.08511966e+01  5.59935645e+00  2.36516073e+00
 -1.05548321e+01  6.33306135e+00  1.82161200e+00
 -1.02584677e+01  7.06676625e+00  1.27806326e+00
 -1.00855884e+01  7.49476078e+00  9.60993163e-01
 -1.08983542e+01  5.69700216e+00  3.31901684e+00
 -1.09455119e+01  5.79464787e+00  4.27287294e+00
 -1.09730205e+01  5.85160787e+00  4.82928901e+00
 -1.11004033e+01  4.76800583e+00  1.95485337e+00
 -1.13496101e+01  3.93665522e+00  1.54454600e+00
 -1.14949807e+01  3.45170069e+00  1.30520004e+00
  9.56542217e+00 -1.13882473e+01  9.42871780e+00
  9.97202981e+00 -1.11673601e+01  8.58760005e+00
  1.03786375e+01 -1.09464729e+01  7.74648230e+00
  1.06158252e+01 -1.08176221e+01  7.25583028e+00
  8.60952243e+00 -1.13790749e+01  9.51687422e+00
  7.65362269e+00 -1.13699025e+01  9.60503064e+00
  7.09601451e+00 -1.13645519e+01  9.65645522e+00
  1.01147143e+01 -1.16183070e+01  1.01816791e+01
  1.06640064e+01 -1.18483666e+01  1.09346404e+01
  1.09844268e+01 -1.19825681e+01  1.13738679e+01
  5.33298491e-01 -7.45046053e+00  4.78516404e+00
 -1.81183772e-01 -7.62038134e+00  5.40342128e+00
 -8.95666035e-01 -7.79030216e+00  6.02167852e+00
 -1.31244736e+00 -7.88942263e+00  6.38232857e+00
  8.44355044e-01 -8.15074222e+00  4.20684805e+00
  1.15541160e+00 -8.85102391e+00  3.62853207e+00
  1.33686125e+00 -9.25952156e+00  3.29118108e+00
  9.36724202e-01 -6.58025803e+00  4.74522278e+00
  1.34014991e+00 -5.71005553e+00  4.70528153e+00
  1.57548158e+00 -5.20243741e+00  4.68198246e+00
  1.07568328e+01 -1.74182778e+00  6.10980026e+00
  1.12239660e+01 -2.05254061e+00  5.33079830e+00
  1.16910993e+01 -2.36325344e+00  4.55179634e+00
  1.19635937e+01 -2.54450260e+00  4.09737853e+00
  1.09607234e+01 -8.79754565e-01  6.47974400e+00
  1.11646141e+01 -1.76813534e-02  6.84968775e+00
  1.12835503e+01  4.85194687e-01  7.06548827e+00
  1.00858089e+01 -2.29318816e+00  6.51885847e+00
  9.41478493e+00 -2.84454854e+00  6.92791669e+00
  9.02335430e+00 -3.16617542e+00  7.16653398e+00
 -2.02495986e+00 -9.80996221e+00 -1.26748293e+00
 -1.47624197e+00 -9.12874638e+00 -8.71940697e-01
 -9.27524071e-01 -8.44753055e+00 -4.76398461e-01
 -6.07438632e-01 -8.05015465e+00 -2.45665489e-01
 -1.62103237e+00 -1.06037594e+01 -1.62571284e+00
 -1.21710488e+00 -1.13975565e+01 -1.98394275e+00
 -9.81480509e-01 -1.18606048e+01 -2.19291020e+00
 -2.97760525e+00 -9.69738089e+00 -1.30479526e+00
 -3.93025064e+00 -9.58479958e+00 -1.34210759e+00
 -4.48596045e+00 -9.51912714e+00 -1.36387311e+00
 -6.83804062e+00  1.46878596e+00 -7.88910702e+00
 -6.68113875e+00  2.40614164e+00 -8.02455491e+00
 -6.52423687e+00  3.34349732e+00 -8.16000281e+00
 -6.43271077e+00  3.89028813e+00 -8.23901408e+00
 -7.01240433e+00  8.97750000e-01 -8.64084848e+00
 -7.18676803e+00  3.26714035e-01 -9.39258995e+00
 -7.28848019e+00 -6.39027826e-03 -9.83110580e+00
 -6.82057880e+00  1.10246625e+00 -7.00191767e+00
 -6.80311698e+00  7.36146537e-01 -6.11472831e+00
 -6.79293091e+00  5.22460037e-01 -5.59720119e+00
  1.67793572e+00  2.55317516e+00 -4.04869516e+00
  2.13239498e+00  1.71684506e+00 -3.92372017e+00
  2.58685423e+00  8.80514962e-01 -3.79874517e+00
  2.85195547e+00  3.92655738e-01 -3.72584309e+00
  1.95338675e+00  3.14917578e+00 -4.74905935e+00
  2.22883777e+00  3.74517640e+00 -5.44942354e+00
  2.38951754e+00  4.09284342e+00 -5.85796932e+00
  9.48025442e-01  2.79350464e+00 -3.47330597e+00
  2.18115161e-01  3.03383412e+00 -2.89791678e+00
 -2.07665836e-01  3.17402632e+00 -2.56227309e+00
 -1.82574063e+00  1.82242577e-01 -7.33176456e+00
 -2.06827805e+00  9.31847444e-01 -6.78325008e+00
 -2.31081547e+00  1.68145231e+00 -6.23473559e+00
 -2.45229563e+00  2.11872182e+00 -5.91476880e+00
 -2.26316081e+00  4.29353729e-02 -8.17488797e+00
 -2.70058100e+00 -9.63718308e-02 -9.01801138e+00
 -2.95574278e+00 -1.77634366e-01 -9.50983337e+00
 -1.14578302e+00 -4.28055087e-01 -7.03715564e+00
 -4.65825416e-01 -1.03835275e+00 -6.74254672e+00
 -6.91834789e-02 -1.39435972e+00 -6.57069152e+00
  1.08854634e+01  2.05863568e+00  6.82253019e+00
  1.13139241e+01  1.55133377e+00  6.12922928e+00
  1.17423849e+01  1.04403187e+00  5.43592836e+00
  1.19923203e+01  7.48105763e-01  5.03150283e+00
  1.01873908e+01  2.67947051e+00  6.60148996e+00
  9.48931822e+00  3.30030534e+00  6.38044972e+00
  9.08210921e+00  3.66245899e+00  6.25150958e+00
  1.11550752e+01  1.94510275e+00  7.73687134e+00
  1.14246870e+01  1.83156982e+00  8.65121249e+00
  1.15819606e+01  1.76534228e+00  9.18457816e+00
  4.12809922e+00 -8.96306744e+00  1.99756175e+00
  3.63150107e+00 -8.44779744e+00  1.35764996e+00
  3.13490292e+00 -7.93252744e+00  7.17738168e-01
  2.84522066e+00 -7.63195327e+00  3.44456289e-01
  3.67896828e+00 -9.61326524e+00  2.54265277e+00
  3.22983734e+00 -1.02634630e+01  3.08774380e+00
  2.96784430e+00 -1.06427451e+01  3.40571356e+00
  5.07382831e+00 -8.82813964e+00  2.09238253e+00
  6.01955740e+00 -8.69321184e+00  2.18720330e+00
  6.57123270e+00 -8.61450396e+00  2.24251541e+00
  1.23472425e+00 -2.60374382e+00  8.51715580e+00
  1.53133672e+00 -3.50630502e+00  8.37929963e+00
  1.82794918e+00 -4.40886622e+00  8.24144346e+00
  2.00097312e+00 -4.93536026e+00  8.16102736e+00
  1.37313480e+00 -1.94340076e+00  7.83422860e+00
  1.51154535e+00 -1.28305770e+00  7.15130139e+00
  1.59228484e+00 -8.97857587e-01  6.75292719e+00
  7.99701228e-01 -2.36152568e+00  9.33793917e+00
  3.64678208e-01 -2.11930754e+00  1.01587225e+01
  1.10914780e-01 -1.97801363e+00  1.06375128e+01
 -4.32210677e+00 -1.01067097e+01  1.36128669e+00
 -5.12496147e+00 -9.61306481e+00  1.17869678e+00
 -5.92781618e+00 -9.11941995e+00  9.96106866e-01
 -6.39614809e+00 -8.83146045e+00  8.89596084e-01
 -3.93996388e+00 -1.00929635e+01  2.24184211e+00
 -3.55782100e+00 -1.00792172e+01  3.12239754e+00
 -3.33490432e+00 -1.00711986e+01  3.63605487e+00
 -3.90139495e+00 -1.06141007e+01  6.63321171e-01
 -3.48068313e+00 -1.11214918e+01 -3.46443444e-02
 -3.23526790e+00 -1.14174699e+01 -4.41790895e-01
  4.08410883e+00  9.10598861e+00 -3.99452708e+00
  3.32579802e+00  9.07499856e+00 -4.58240829e+00
  2.56748721e+00  9.04400852e+00 -5.17028951e+00
  2.12513923e+00  9.02593099e+00 -5.51322022e+00
  4.13183957e+00  8.51308742e+00 -3.24100869e+00
  4.17957030e+00  7.92018622e+00 -2.48749031e+00
  4.20741323e+00  7.57432719e+00 -2.04793792e+00
  4.79468891e+00  9.72987985e+00 -4.16016424e+00
  5.50526899e+00  1.03537711e+01 -4.32580140e+00
  5.91977404e+00  1.07177076e+01 -4.42242308e+00
  5.12867694e-01 -8.01186167e+00 -1.05336154e+01
  1.36099941e+00 -8.38229317e+00 -1.07886705e+01
  2.20913112e+00 -8.75272468e+00 -1.10437255e+01
  2.70387462e+00 -8.96880973e+00 -1.11925077e+01
  1.53602430e-01 -7.26108270e+00 -1.10120079e+01
 -2.05662834e-01 -6.51030373e+00 -1.14904004e+01
 -4.15234237e-01 -6.07234933e+00 -1.17694627e+01
  2.40012450e-02 -8.39220913e+00 -9.80016776e+00
 -4.64865204e-01 -8.77255659e+00 -9.06672014e+00
 -7.50037299e-01 -8.99442594e+00 -8.63887570e+00
  4.45025795e+00 -2.14315400e+00 -6.93250061e-01
  4.72213049e+00 -1.25725857e+00 -9.43998138e-01
  4.99400303e+00 -3.71363133e-01 -1.19474622e+00
  5.15259535e+00  1.45409204e-01 -1.34101593e+00
  4.59929457e+00 -2.87853912e+00 -1.29207959e+00
  4.74833120e+00 -3.61392424e+00 -1.89090912e+00
  4.83526923e+00 -4.04289890e+00 -2.24022635e+00
  4.02934877e+00 -2.29366432e+00  1.56327549e-01
  3.60843960e+00 -2.44417463e+00  1.00590516e+00
  3.36290925e+00 -2.53197231e+00  1.50149210e+00
  1.05585832e+01  9.32069435e+00  7.89133272e+00
  1.04004695e+01  9.98386105e+00  8.56720991e+00
  1.02423558e+01  1.06470277e+01  9.24308711e+00
  1.01501228e+01  1.10338750e+01  9.63734881e+00
  1.09991012e+01  8.49871338e+00  8.11912904e+00
  1.14396192e+01  7.67673241e+00  8.34692535e+00
  1.16965881e+01  7.19724351e+00  8.47980654e+00
  1.02761789e+01  9.47950861e+00  6.98765920e+00
  9.99377453e+00  9.63832288e+00  6.08398568e+00
  9.82903868e+00  9.73096453e+00  5.55684280e+00
 -1.17664835e+00  1.51315722e+00 -1.04922367e-01
 -3.87000671e-01  1.72520425e+00  3.98160738e-01
  4.02647003e-01  1.93725127e+00  9.01243843e-01
  8.63274813e-01  2.06094536e+00  1.19470899e+00
 -1.78235904e+00  2.21128778e+00 -3.64399304e-01
 -2.38806974e+00  2.90941833e+00 -6.23876241e-01
 -2.74140098e+00  3.31666116e+00 -7.75237787e-01
 -1.36058532e+00  6.02979646e-01 -3.48528536e-01
 -1.54452230e+00 -3.07197932e-01 -5.92134705e-01
 -1.65181887e+00 -8.38134852e-01 -7.34238303e-01
 -1.16378205e+00 -6.94335402e+00  8.05121197e+00
 -1.39962687e+00 -7.80618412e+00  8.39978254e+00
 -1.63547169e+00 -8.66901422e+00  8.74835310e+00
 -1.77304784e+00 -9.17233178e+00  8.95168593e+00
 -1.79311403e+00 -6.45297057e+00  7.51729687e+00
 -2.42244601e+00 -5.96258713e+00  6.98338177e+00
 -2.78955633e+00 -5.67653012e+00  6.67193129e+00
 -2.98605257e-01 -6.57090737e+00  8.23655651e+00
  5.66571541e-01 -6.19846071e+00  8.42190105e+00
  1.07125801e+00 -5.98120016e+00  8.53001870e+00
  8.55003745e+00 -4.58911213e+00  3.71033952e+00
  9.49650204e+00 -4.43015663e+00  3.68714638e+00
  1.04429666e+01 -4.27120112e+00  3.66395324e+00
  1.09950710e+01 -4.17847708e+00  3.65042391e+00
  7.95813421e+00 -4.03936261e+00  3.19166234e+00
  7.36623096e+00 -3.48961310e+00  2.67298515e+00
  7.02095407e+00 -3.16892588e+00  2.37042346e+00
  8.19547610e+00 -5.29781714e+00  4.25220985e+00
  7.84091475e+00 -6.00652216e+00  4.79408018e+00
  7.63408730e+00 -6.41993342e+00  5.11017120e+00
 -7.79432106e+00 -2.61623106e+00 -1.50190206e+00
 -7.99097859e+00 -3.07331019e+00 -6.80924296e-01
 -8.18763612e+00 -3.53038931e+00  1.40053471e-01
 -8.30235301e+00 -3.79701879e+00  6.18957168e-01
 -8.04599960e+00 -1.69629019e+00 -1.61129444e+00
 -8.29767815e+00 -7.76349310e-01 -1.72068683e+00
 -8.44449063e+00 -2.39717132e-01 -1.78449905e+00
 -7.34598499e+00 -3.07909282e+00 -2.21348745e+00
 -6.89764891e+00 -3.54195458e+00 -2.92507283e+00
 -6.63611954e+00 -3.81195727e+00 -3.34016431e+00
  3.36149880e+00 -2.06053174e+00 -5.93167638e+00
  2.75994066e+00 -2.18468332e+00 -5.19389986e+00
  2.15838252e+00 -2.30883490e+00 -4.45612334e+00
  1.80747360e+00 -2.38125665e+00 -4.02575371e+00
  4.29893883e+00 -1.93125153e+00 -5.77014369e+00
  5.23637887e+00 -1.80197133e+00 -5.60861099e+00
  5.78321889e+00 -1.72655788e+00 -5.51438359e+00
  3.02561690e+00 -2.06566036e+00 -6.83098558e+00
  2.68973501e+00 -2.07078899e+00 -7.73029479e+00
  2.49380391e+00 -2.07378069e+00 -8.25489183e+00
 -5.14434646e+00 -6.10020935e+00  1.31862102e+00
 -4.34828898e+00 -6.49760181e+00  9.58105099e-01
 -3.55223151e+00 -6.89499427e+00  5.97589175e-01
 -3.08786465e+00 -7.12680653e+00  3.87288220e-01
 -5.08218306e+00 -5.31846156e+00  1.87234126e+00
 -5.02001966e+00 -4.53671377e+00  2.42606149e+00
 -4.98375768e+00 -4.08069422e+00  2.74906496e+00
 -6.00256733e+00 -6.48456469e+00  1.12541671e+00
 -6.86078821e+00 -6.86892003e+00  9.32212400e-01
 -7.36141705e+00 -7.09312731e+00  8.19509885e-01
  8.09712109e-01  2.30648481e+00 -8.01779943e+00
  1.28028172e-01  2.21343810e+00 -7.34828519e+00
 -5.53655765e-01  2.12039140e+00 -6.67877094e+00
 -9.51304728e-01  2.06611416e+00 -6.28822097e+00
  7.23180269e-01  2.97507508e+00 -8.70124605e+00
  6.36648429e-01  3.64366536e+00 -9.38469267e+00
  5.86171522e-01  4.03367636e+00 -9.78336986e+00
  1.57792789e+00  1.73094123e+00 -8.00386705e+00
  2.34614366e+00  1.15539765e+00 -7.98993468e+00
  2.79426953e+00  8.19663898e-01 -7.98180746e+00
  3.68640073e+00  1.00810768e+00  4.05496401e+00
  4.03080512e+00  1.27702779e+00  3.20017305e+00
  4.37520950e+00  1.54594791e+00  2.34538209e+00
  4.57611206e+00  1.70281798e+00  1.84675402e+00
  3.80191311e+00  1.57700724e+00  4.81956206e+00
  3.91742548e+00  2.14590681e+00  5.58416011e+00
  3.98480770e+00  2.47776488e+00  6.03017564e+00
  3.22648397e+00  1.70288000e-01  4.14515693e+00
  2.76656722e+00 -6.67531678e-01  4.23534984e+00
  2.49828244e+00 -1.15625982e+00  4.28796237e+00
 -1.39596796e+00 -6.19123383e+00  1.93240788e+00
 -7.50132465e-01 -6.48974890e+00  2.57691177e+00
 -1.04296968e-01 -6.78826396e+00  3.22141566e+00
  2.72440405e-01 -6.96239775e+00  3.59737626e+00
 -1.27079712e+00 -6.38756948e+00  1.00107305e+00
 -1.14562627e+00 -6.58390513e+00  6.97382122e-02
 -1.07260995e+00 -6.69843426e+00 -4.73540441e-01
 -2.16697430e+00 -5.69638311e+00  2.21923882e+00
 -2.93798065e+00 -5.20153240e+00  2.50606976e+00
 -3.38773434e+00 -4.91286948e+00  2.67338781e+00
 -5.12742301e+00  8.33562621e+00 -5.66235465e+00
 -5.77548314e+00  8.65198358e+00 -6.29602340e+00
 -6.42354326e+00  8.96834095e+00 -6.92969215e+00
 -6.80157834e+00  9.15288275e+00 -7.29933226e+00
 -4.37521103e+00  8.88504655e+00 -5.43015987e+00
 -3.62299904e+00  9.43446689e+00 -5.19796508e+00
 -3.18420871e+00  9.75496209e+00 -5.06251812e+00
 -5.23157488e+00  7.46984850e+00 -5.26088068e+00
 -5.33572674e+00  6.60407079e+00 -4.85940671e+00
 -5.39648199e+00  6.09903380e+00 -4.62521357e+00
  6.26863276e-01  5.28011133e+00  3.75016399e+00
  1.54579112e-01  6.11386105e+00  3.69177670e+00
 -3.17705052e-01  6.94761077e+00  3.63338940e+00
 -5.93204148e-01  7.43396477e+00  3.59933014e+00
  5.77724237e-01  4.64904731e+00  3.02839980e+00
  5.28585198e-01  4.01798329e+00  2.30663560e+00
  4.99920758e-01  3.64986261e+00  1.88560649e+00
  1.14828648e+00  5.07742564e+00  4.53031549e+00
  1.66970968e+00  4.87473994e+00  5.31046698e+00
  1.97387322e+00  4.75650662e+00  5.76555535e+00
 -6.93975511e+00  6.35977497e+00 -7.73067169e+00
 -7.69750972e+00  6.83707789e+00 -7.38485402e+00
 -8.45526433e+00  7.31438082e+00 -7.03903635e+00
 -8.89728786e+00  7.59280752e+00 -6.83730937e+00
 -7.07130555e+00  5.58551162e+00 -8.28276838e+00
 -7.20285599e+00  4.81124827e+00 -8.83486507e+00
 -7.27959374e+00  4.35959465e+00 -9.15692147e+00
 -6.05045005e+00  6.65673539e+00 -7.52439268e+00
 -5.16114500e+00  6.95369581e+00 -7.31811367e+00
 -4.64238372e+00  7.12692272e+00 -7.19778425e+00
 -3.77701377e+00 -2.48539457e+00  5.15961456e+00
 -3.89997695e+00 -3.27230365e+00  5.69557553e+00
 -4.02294014e+00 -4.05921273e+00  6.23153649e+00
 -4.09466867e+00 -4.51824302e+00  6.54418039e+00
 -3.03632732e+00 -1.89909481e+00  5.33060047e+00
 -2.29564087e+00 -1.31279505e+00  5.50158637e+00
 -1.86357377e+00 -9.70786860e-01  5.60132814e+00
 -4.39473703e+00 -2.28478525e+00  4.45266770e+00
 -5.01246029e+00 -2.08417593e+00  3.74572083e+00
 -5.37279886e+00 -1.96715382e+00  3.33333516e+00
  8.13624522e+00 -4.29662738e+00 -5.46409404e+00
  8.52215533e+00 -4.73183022e+00 -4.70037165e+00
  8.90806544e+00 -5.16703305e+00 -3.93664927e+00
  9.13317967e+00 -5.42090137e+00 -3.49114454e+00
  8.62523535e+00 -4.25181582e+00 -6.28900651e+00
  9.11422548e+00 -4.20700426e+00 -7.11391897e+00
  9.39946973e+00 -4.18086418e+00 -7.59511791e+00
  7.26134498e+00 -3.90623611e+00 -5.40290396e+00
  6.38644474e+00 -3.51584484e+00 -5.34171388e+00
  5.87608627e+00 -3.28811660e+00 -5.30601967e+00
 -1.57063336e+00 -9.45291467e-01  1.09562951e+01
 -1.66273519e+00 -1.85864394e+00  1.12371946e+01
 -1.75483702e+00 -2.77199642e+00  1.15180940e+01
 -1.80856309e+00 -3.30478537e+00  1.16819520e+01
 -7.30755929e-01 -6.30802644e-01  1.06138003e+01
  1.09121496e-01 -3.16313821e-01  1.02713055e+01
  5.99049994e-01 -1.32862007e-01  1.00715169e+01
 -2.31840895e+00 -3.46427812e-01  1.10178905e+01
 -3.06618454e+00  2.52435843e-01  1.10794858e+01
 -3.50238697e+00  6.01772975e-01  1.11154164e+01
 -2.39490136e+00  5.03474796e+00 -3.08112924e+00
 -2.54091523e+00  5.88375015e+00 -3.50477443e+00
 -2.68692909e+00  6.73275233e+00 -3.92841962e+00
 -2.77210384e+00  7.22800360e+00 -4.17554598e+00
 -2.77733707e+00  4.23856270e+00 -3.45720364e+00
 -3.15977277e+00  3.44237744e+00 -3.83327805e+00
 -3.38286026e+00  2.97793603e+00 -4.05265479e+00
 -1.86645180e+00  4.98193105e+00 -2.28140964e+00
 -1.33800224e+00  4.92911413e+00 -1.48169005e+00
 -1.02973999e+00  4.89830426e+00 -1.01518695e+00
 -2.74557626e+00 -2.93883284e+00  1.18915969e+00
 -1.83822745e+00 -3.22037892e+00  1.32718124e+00
 -9.30878646e-01 -3.50192500e+00  1.46520278e+00
 -4.01591842e-01 -3.66616022e+00  1.54571535e+00
 -3.43035268e+00 -3.59069111e+00  1.02254021e+00
 -4.11512909e+00 -4.24254938e+00  8.55920734e-01
 -4.51458200e+00 -4.62280004e+00  7.58726037e-01
 -2.96814865e+00 -2.00542848e+00  1.21775763e+00
 -3.19072104e+00 -1.07202413e+00  1.24635556e+00
 -3.32055493e+00 -5.27538256e-01  1.26303769e+00
  8.94474789e+00  1.09160165e+01 -1.36308468e+00
  9.29742032e+00  1.11174155e+01 -4.93222274e-01
  9.65009274e+00  1.13188145e+01  3.76640136e-01
  9.85581832e+00  1.14362972e+01  8.84059875e-01
  9.48291690e+00  1.10613261e+01 -2.14465953e+00
  1.00210859e+01  1.12066357e+01 -2.92623437e+00
  1.03350178e+01  1.12913997e+01 -3.38215303e+00
  8.05390646e+00  1.05693079e+01 -1.45137225e+00
  7.16306502e+00  1.02225994e+01 -1.53965982e+00
  6.64340752e+00  1.00203527e+01 -1.59116090e+00
 -8.49133446e+00 -6.37984487e+00  8.89047287e+00
 -9.28107587e+00 -6.41151860e+00  8.34558272e+00
 -1.00708173e+01 -6.44319233e+00  7.80069256e+00
 -1.05314998e+01 -6.46166868e+00  7.48283998e+00
 -8.56601616e+00 -6.22918165e+00  9.83563066e+00
 -8.64069787e+00 -6.07851843e+00  1.07807884e+01
 -8.68426220e+00 -5.99063156e+00  1.13321305e+01
 -7.62691134e+00 -6.49883435e+00  8.49020524e+00
 -6.76248822e+00 -6.61782384e+00  8.08993761e+00
 -6.25824140e+00 -6.68723437e+00  7.85644816e+00
  3.48328391e+00 -4.42858163e+00  1.94332514e+00
  2.88598738e+00 -3.94354911e+00  2.51741600e+00
  2.28869086e+00 -3.45851659e+00  3.09150686e+00
  1.94026789e+00 -3.17558095e+00  3.42639320e+00
  4.20488940e+00 -3.97146121e+00  1.50523104e+00
  4.92649489e+00 -3.51434079e+00  1.06713695e+00
  5.34743143e+00 -3.24768721e+00  8.11582056e-01
  3.35897494e+00 -5.37073456e+00  1.80732838e+00
  3.23466598e+00 -6.31288750e+00  1.67133161e+00
  3.16215241e+00 -6.86247672e+00  1.59200017e+00
 -6.95821397e+00 -6.06802894e+00  4.13733155e+00
 -7.43558554e+00 -5.52746303e+00  3.50368742e+00
 -7.91295712e+00 -4.98689712e+00  2.87004330e+00
 -8.19142387e+00 -4.67156700e+00  2.50041756e+00
 -6.65007717e+00 -6.94203247e+00  3.88679303e+00
 -6.34194036e+00 -7.81603599e+00  3.63625450e+00
 -6.16219389e+00 -8.32587138e+00  3.49010703e+00
 -6.78897920e+00 -5.73459133e+00  5.02151420e+00
 -6.61974444e+00 -5.40115372e+00  5.90569684e+00
 -6.52102416e+00 -5.20664845e+00  6.42147005e+00
 -6.76275323e+00  4.55972424e+00 -1.90300298e+00
 -7.27815897e+00  5.11742421e+00 -1.31569755e+00
 -7.79356471e+00  5.67512419e+00 -7.28392116e-01
 -8.09421806e+00  6.00044917e+00 -3.85797281e-01
 -6.48415974e+00  4.89263743e+00 -2.75924738e+00
 -6.20556625e+00  5.22555061e+00 -3.61549178e+00
 -6.04305338e+00  5.41974997e+00 -4.11496768e+00
 -6.52594099e+00  3.66911109e+00 -1.63406400e+00
 -6.28912875e+00  2.77849794e+00 -1.36512503e+00
 -6.15098827e+00  2.25897360e+00 -1.20824396e+00
  8.77136707e+00 -8.06740482e+00  3.02180048e+00
  8.93333830e+00 -8.92063327e+00  3.43090503e+00
  9.09530954e+00 -9.77386172e+00  3.84000958e+00
  9.18979276e+00 -1.02715783e+01  4.07865390e+00
  7.97163908e+00 -7.57907309e+00  3.23052821e+00
  7.17191109e+00 -7.09074135e+00  3.43925593e+00
  6.70540310e+00 -6.80588117e+00  3.56101377e+00
  9.40912381e+00 -7.70250811e+00  2.40396821e+00
  1.00468806e+01 -7.33761139e+00  1.78613594e+00
  1.04189053e+01 -7.12475498e+00  1.42573378e+00
 -4.69365161e+00 -1.53562895e+00 -1.54058552e-01
 -4.33162696e+00 -2.04978293e+00 -8.79443848e-01
 -3.96960230e+00 -2.56393692e+00 -1.60482915e+00
 -3.75842125e+00 -2.86386007e+00 -2.02797057e+00
 -5.19207730e+00 -1.97125798e+00  5.41210588e-01
 -5.69050300e+00 -2.40688701e+00  1.23647973e+00
 -5.98125132e+00 -2.66100394e+00  1.64205339e+00
 -4.55725058e+00 -5.85845933e-01 -1.23942395e-01
 -4.42084954e+00  3.63937081e-01 -9.38262375e-02
 -4.34128227e+00  9.17977173e-01 -7.62584792e-02
  2.75610262e+00  9.55164357e+00  7.62012377e-01
  1.96132885e+00  9.76272021e+00  1.25737216e+00
  1.16655508e+00  9.97379685e+00  1.75273194e+00
  7.02937052e-01  1.00969249e+01  2.04169181e+00
  2.69244134e+00  9.29398335e+00 -1.60570114e-01
  2.62878007e+00  9.03632313e+00 -1.08315260e+00
  2.59164432e+00  8.88602133e+00 -1.62132572e+00
  3.61453766e+00  9.59822715e+00  1.18923509e+00
  4.47297271e+00  9.64481074e+00  1.61645780e+00
  4.97372648e+00  9.67198449e+00  1.86567105e+00
 -3.98652124e+00  5.92285277e+00  6.77902178e-01
 -3.32872526e+00  5.59983073e+00  1.29803218e+00
 -2.67092929e+00  5.27680870e+00  1.91816218e+00
 -2.28721497e+00  5.08837917e+00  2.27990468e+00
 -3.97665665e+00  5.62042641e+00 -2.33163676e-01
 -3.96679205e+00  5.31800006e+00 -1.14422953e+00
 -3.96103770e+00  5.14158468e+00 -1.67568461e+00
 -4.65418181e+00  6.54830116e+00  9.68838031e-01
 -5.32184239e+00  7.17374955e+00  1.25977388e+00
 -5.71131105e+00  7.53859444e+00  1.42948647e+00
  3.79992408e+00 -8.80762444e+00  5.95960531e+00
  3.86720870e+00 -9.32468333e+00  6.76565921e+00
  3.93449332e+00 -9.84174223e+00  7.57171310e+00
  3.97374268e+00 -1.01433599e+01  8.04191121e+00
  3.20591411e+00 -8.05447526e+00  5.92063796e+00
  2.61190413e+00 -7.30132607e+00  5.88167061e+00
  2.26539831e+00 -6.86198905e+00  5.85893966e+00
  4.32664944e+00 -9.04371474e+00  5.19251876e+00
  4.85337480e+00 -9.27980503e+00  4.42543222e+00
  5.16063126e+00 -9.41752437e+00  3.97796506e+00
  7.13178493e+00 -6.75040589e+00 -1.86783446e+00
  8.04036404e+00 -7.05166704e+00 -1.79485694e+00
  8.94894315e+00 -7.35292819e+00 -1.72187942e+00
  9.47894763e+00 -7.52866386e+00 -1.67930920e+00
  6.86749437e+00 -5.92024140e+00 -1.46462556e+00
  6.60320382e+00 -5.09007691e+00 -1.06141665e+00
  6.44903433e+00 -4.60581429e+00 -8.26211451e-01
  6.48749637e+00 -7.27930923e+00 -2.34402089e+00
  5.84320782e+00 -7.80821257e+00 -2.82020732e+00
  5.46737283e+00 -8.11673951e+00 -3.09798274e+00
 -5.83800416e+00  3.96856730e+00  7.40983802e+00
 -6.16892215e+00  3.08121126e+00  7.56697666e+00
 -6.49984014e+00  2.19385523e+00  7.72411530e+00
 -6.69287564e+00  1.67623087e+00  7.81577950e+00
 -6.45296807e+00  4.69502507e+00  7.28462418e+00
 -7.06793197e+00  5.42148284e+00  7.15941034e+00
 -7.42666092e+00  5.84524987e+00  7.08636893e+00
 -4.89212227e+00  4.12946556e+00  7.37791322e+00
 -3.94624038e+00  4.29036383e+00  7.34598842e+00
 -3.39447594e+00  4.38422115e+00  7.32736563e+00
  6.56081890e+00 -5.53294382e+00  1.98608962e+00
  6.28851517e+00 -5.32693227e+00  2.88331307e+00
  6.01621144e+00 -5.12092072e+00  3.78053652e+00
  5.85736760e+00 -5.00074732e+00  4.30391686e+00
  6.74261960e+00 -4.82395831e+00  1.36489074e+00
  6.92442029e+00 -4.11497279e+00  7.43691863e-01
  7.03047069e+00 -3.70139790e+00  3.81325852e-01
  6.65132194e+00 -6.44794089e+00  1.71006504e+00
  6.74182498e+00 -7.36293796e+00  1.43404047e+00
  6.79461842e+00 -7.89668625e+00  1.27302613e+00
  7.23858924e+00 -6.95843443e-01  3.52880647e+00
  7.95722436e+00 -5.65157402e-01  4.15177093e+00
  8.67585948e+00 -4.34471361e-01  4.77473539e+00
  9.09506330e+00 -3.58237837e-01  5.13813133e+00
  7.38522015e+00 -1.20147752e+00  2.72604028e+00
  7.53185106e+00 -1.70711160e+00  1.92327409e+00
  7.61738575e+00 -2.00206481e+00  1.45499382e+00
  6.37332320e+00 -3.20895405e-01  3.70860820e+00
  5.50805717e+00  5.40526325e-02  3.88840993e+00
  5.00331865e+00  2.72772321e-01  3.99329427e+00
 -6.69375302e+00 -2.76560656e+00  8.35019985e+00
 -6.95814722e+00 -2.39511249e+00  7.50496032e+00
 -7.22254142e+00 -2.02461843e+00  6.65972079e+00
 -7.37677137e+00 -1.80849689e+00  6.16666440e+00
 -6.74191631e+00 -2.22979281e+00  9.14529980e+00
 -6.79007960e+00 -1.69397907e+00  9.94039975e+00
 -6.81817485e+00 -1.38142105e+00  1.04042080e+01
 -6.38119553e+00 -3.67191436e+00  8.40033942e+00
 -6.06863804e+00 -4.57822217e+00  8.45047900e+00
 -5.88631284e+00 -5.10690172e+00  8.47972708e+00
  1.11599638e+01  1.36381027e+00  6.50336452e-01
  1.08412608e+01  7.37928434e-01 -4.11012977e-03
  1.05225578e+01  1.12046595e-01 -6.58556711e-01
  1.03366478e+01 -2.53051145e-01 -1.04031722e+00
  1.13774817e+01  2.26179122e+00  3.89729125e-01
  1.15949996e+01  3.15977217e+00  1.29121798e-01
  1.17218851e+01  3.68359439e+00 -2.28991422e-02
  1.12611489e+01  1.09171117e+00  1.56539036e+00
  1.13623340e+01  8.19612058e-01  2.48044427e+00
  1.14213586e+01  6.60887579e-01  3.01422571e+00
  5.86686890e-01 -6.65036642e+00 -8.17733424e+00
  1.23483344e+00 -7.34424142e+00 -8.03575906e+00
  1.88297998e+00 -8.03811643e+00 -7.89418387e+00
  2.26106547e+00 -8.44287684e+00 -7.81159835e+00
  8.08896001e-01 -5.73799720e+00 -7.97782101e+00
  1.03110511e+00 -4.82562799e+00 -7.77830777e+00
  1.16072709e+00 -4.29341262e+00 -7.66192504e+00
 -2.83668766e-01 -6.86886062e+00 -8.51842267e+00
 -1.15402442e+00 -7.08735483e+00 -8.85951109e+00
 -1.66173189e+00 -7.21480978e+00 -9.05847934e+00
  7.01639219e+00 -9.56048052e+00  4.09681963e-01
  6.27670874e+00 -8.94857017e+00  4.15523307e-01
  5.53702530e+00 -8.33665981e+00  4.21364651e-01
  5.10554329e+00 -7.97971211e+00  4.24772102e-01
  7.91364458e+00 -9.22973100e+00  4.94197588e-01
  8.81089698e+00 -8.89898147e+00  5.78713212e-01
  9.33429421e+00 -8.70604425e+00  6.28013993e-01
  6.85882324e+00 -1.05031404e+01  3.19324995e-01
  6.70125428e+00 -1.14458003e+01  2.28968026e-01
  6.60933906e+00 -1.19956852e+01  1.76259794e-01
  3.34431863e+00  6.25844383e+00  1.31878560e+00
  3.94514074e+00  6.98594710e+00  1.14172126e+00
  4.54596285e+00  7.71345037e+00  9.64656917e-01
  4.89644242e+00  8.13782728e+00  8.61369384e-01
  2.95494511e+00  6.15880365e+00  2.19059986e+00
  2.56557159e+00  6.05916346e+00  3.06241412e+00
  2.33843704e+00  6.00104002e+00  3.57097243e+00
  3.13287003e+00  5.63058075e+00  6.24035690e-01
  2.92142143e+00  5.00271767e+00 -7.07142230e-02
  2.79807642e+00  4.63646421e+00 -4.75985006e-01
 -7.00146529e+00  5.15509451e+00  3.85552857e+00
 -7.64803768e+00  5.69777780e+00  3.39832075e+00
 -8.29461007e+00  6.24046108e+00  2.94111293e+00
 -8.67177730e+00  6.55702634e+00  2.67440837e+00
 -6.34024788e+00  5.56664252e+00  4.41679479e+00
 -5.67903046e+00  5.97819053e+00  4.97806101e+00
 -5.29332031e+00  6.21826020e+00  5.30546631e+00
 -7.01611031e+00  4.20086321e+00  3.75147017e+00
 -7.03075533e+00  3.24663191e+00  3.64741177e+00
 -7.03929826e+00  2.68999698e+00  3.58671104e+00
