 5.26867053e+00 -5.96801675e+00  1.30380040e+00
  4.43872610e+00 -5.67330472e+00  9.21783292e-01
  3.60878168e+00 -5.37859270e+00  5.39766183e-01
  3.12464743e+00 -5.20667735e+00  3.16922870e-01
  5.36814122e+00 -6.87845805e+00  1.59155416e+00
  5.46761190e+00 -7.78889934e+00  1.87930792e+00
  5.52563647e+00 -8.31999010e+00  2.04716428e+00
  5.99914427e+00 -5.35228748e+00  1.39806375e+00
  6.72961801e+00 -4.73655821e+00  1.49232710e+00
  7.15572769e+00 -4.37738280e+00  1.54731405e+00
 -4.97277691e+00  7.50335463e+00 -1.91941623e+00
 -4.57753137e+00  7.31259512e+00 -2.77322638e+00
 -4.18228582e+00  7.12183561e+00 -3.62703653e+00
 -3.95172593e+00  7.01055922e+00 -4.12509245e+00
 -5.82131828e+00  7.94984735e+00 -1.87228037e+00
 -6.66985966e+00  8.39634006e+00 -1.82514452e+00
 -7.16484212e+00  8.65679415e+00 -1.79764860e+00
 -4.51948108e+00  7.24762142e+00 -1.11274194e+00
 -4.06618525e+00  6.99188821e+00 -3.06067645e-01
 -3.80176268e+00  6.84271050e+00  1.64492359e-01
 -3.94146620e+00 -1.78911765e+00  9.67733727e+00
 -3.34793028e+00 -1.57252651e+00  8.95456248e+00
 -2.75439436e+00 -1.35593537e+00  8.23178769e+00
 -2.40816508e+00 -1.22959055e+00  7.81016906e+00
 -4.86015100e+00 -2.00136086e+00  9.49686276e+00
 -5.77883580e+00 -2.21360408e+00  9.31638824e+00
 -6.31473527e+00 -2.33741263e+00  9.21111145e+00
 -3.61631731e+00 -1.79346556e+00  1.05805866e+01
 -3.29116842e+00 -1.79781348e+00  1.14838359e+01
 -3.10149824e+00 -1.80034977e+00  1.20107313e+01
 -7.91987939e-01  4.57099018e+00 -3.09080576e+00
 -1.11564896e+00  4.62737533e+00 -3.99283916e+00
 -1.43930998e+00  4.68376049e+00 -4.89487257e+00
 -1.62811224e+00  4.71665183e+00 -5.42105872e+00
 -6.18156287e-01  5.37273305e+00 -2.59221683e+00
 -4.44324635e-01  6.17447593e+00 -2.09362791e+00
 -3.42922838e-01  6.64215927e+00 -1.80278437e+00
 -6.42158570e-01  3.71286215e+00 -2.68736129e+00
 -4.92329201e-01  2.85473412e+00 -2.28391681e+00
 -4.04928736e-01  2.35415943e+00 -2.04857420e+00
 -1.12673545e+01  1.02492429e+01 -1.98035158e-01
 -1.09099605e+01  9.87029620e+00  6.08357372e-01
 -1.05525665e+01  9.49134946e+00  1.41474990e+00
 -1.03440867e+01  9.27029719e+00  1.88514555e+00
 -1.17923419e+01  1.10520540e+01 -1.59530359e-01
 -1.23173294e+01  1.18548650e+01 -1.21025559e-01
 -1.26235721e+01  1.23231714e+01 -9.85644260e-02
 -1.10997609e+01  9.82537868e+00 -1.04293249e+00
 -1.09321674e+01  9.40151441e+00 -1.88782982e+00
 -1.08344045e+01  9.15426026e+00 -2.38068659e+00
  2.08744262e+00 -3.78781575e+00 -9.66293832e+00
  2.78896451e+00 -4.26546556e+00 -1.01116227e+01
  3.49048639e+00 -4.74311536e+00 -1.05603072e+01
  3.89970749e+00 -5.02174441e+00 -1.08220397e+01
  2.25865924e+00 -2.91827130e+00 -9.29391621e+00
  2.42987586e+00 -2.04872685e+00 -8.92489411e+00
  2.52975222e+00 -1.54149259e+00 -8.70963121e+00
  1.21470411e+00 -4.17971040e+00 -9.58327601e+00
  3.41965609e-01 -4.57160505e+00 -9.50361370e+00
 -1.67131853e-01 -4.80021026e+00 -9.45714401e+00
  8.86545563e+00  7.75480918e+00 -2.35969453e+00
  9.76793177e+00  8.05147893e+00 -2.49798364e+00
  1.06704079e+01  8.34814868e+00 -2.63627276e+00
  1.11968523e+01  8.52120603e+00 -2.71694141e+00
  8.66836864e+00  6.81578547e+00 -2.32821145e+00
  8.47128166e+00  5.87676176e+00 -2.29672837e+00
  8.35631425e+00  5.32899792e+00 -2.27836324e+00
  8.16006648e+00  8.39716315e+00 -2.25288849e+00
  7.45467733e+00  9.03951711e+00 -2.14608246e+00
  7.04320032e+00  9.41422359e+00 -2.08377893e+00
  1.19120731e+01  6.91550083e+00  1.03039040e+01
  1.11218628e+01  6.39043197e+00  1.04504312e+01
  1.03316524e+01  5.86536310e+00  1.05969584e+01
  9.87069629e+00  5.55907293e+00  1.06824326e+01
  1.23240937e+01  7.37774413e+00  1.10375049e+01
  1.27361142e+01  7.83998742e+00  1.17711058e+01
  1.29764595e+01  8.10962934e+00  1.21990396e+01
  1.22902630e+01  6.97832641e+00  9.42377599e+00
  1.26684529e+01  7.04115198e+00  8.54364795e+00
  1.28890637e+01  7.07780023e+00  8.03023993e+00
 -3.02792216e+00  6.45761864e+00  1.08307882e+01
 -2.41502579e+00  7.15858306e+00  1.10644695e+01
 -1.80212943e+00  7.85954749e+00  1.12981507e+01
 -1.44460656e+00  8.26844340e+00  1.14344648e+01
 -3.77015119e+00  6.25751791e+00  1.14058150e+01
 -4.51238023e+00  6.05741719e+00  1.19808417e+01
 -4.94534717e+00  5.94069176e+00  1.23162740e+01
 -2.89858948e+00  5.95675494e+00  1.00220802e+01
 -2.76925681e+00  5.45589125e+00  9.21337222e+00
 -2.69381275e+00  5.16372076e+00  8.74162589e+00
 -5.11960672e+00 -8.71042783e+00 -2.79993176e+00
 -4.19327454e+00 -8.84022331e+00 -2.58391826e+00
 -3.26694236e+00 -8.97001880e+00 -2.36790477e+00
 -2.72658192e+00 -9.04573283e+00 -2.24189690e+00
 -5.57502056e+00 -9.34303729e+00 -3.36029192e+00
 -6.03043440e+00 -9.97564674e+00 -3.92065208e+00
 -6.29609247e+00 -1.03446689e+01 -4.24752884e+00
 -5.59052505e+00 -7.94802289e+00 -2.45558509e+00
 -6.06144339e+00 -7.18561795e+00 -2.11123842e+00
 -6.33614575e+00 -6.74088174e+00 -1.91036953e+00
 -7.69658156e+00  2.36439780e+00  9.97927492e+00
 -7.78527148e+00  1.62213850e+00  1.05815915e+01
 -7.87396141e+00  8.79879196e-01  1.11839080e+01
 -7.92569721e+00  4.46894604e-01  1.15352593e+01
 -7.08817926e+00  2.31145414e+00  9.23857011e+00
 -6.47977696e+00  2.25851048e+00  8.49786530e+00
 -6.12487563e+00  2.22762668e+00  8.06578749e+00
 -8.21629392e+00  3.15960076e+00  1.01176632e+01
 -8.73600629e+00  3.95480372e+00  1.02560514e+01
 -9.03917183e+00  4.41867211e+00  1.03367779e+01
 -4.13640550e+00 -1.07314626e+01 -6.87397447e+00
 -4.57655303e+00 -1.10886541e+01 -7.64875467e+00
 -5.01670057e+00 -1.14458457e+01 -8.42353487e+00
 -5.27345330e+00 -1.16542074e+01 -8.87548999e+00
 -3.47585476e+00 -1.12541785e+01 -6.41349560e+00
 -2.81530401e+00 -1.17768944e+01 -5.95301672e+00
 -2.42998275e+00 -1.20818120e+01 -5.68440405e+00
 -4.35680871e+00 -9.85155515e+00 -6.55967315e+00
 -4.57721192e+00 -8.97164771e+00 -6.24537182e+00
 -4.70578045e+00 -8.45836837e+00 -6.06202938e+00
 -5.87008779e-01 -7.70775536e+00 -2.74893615e-01
 -3.23253489e-01 -7.54302752e+00  6.33345279e-01
 -5.94982003e-02 -7.37829969e+00  1.54158417e+00
  9.43590516e-02 -7.28220845e+00  2.07139019e+00
 -1.85701901e-01 -8.42680195e+00 -7.68375922e-01
  2.15604976e-01 -9.14584854e+00 -1.26185823e+00
  4.49700654e-01 -9.56529239e+00 -1.54972291e+00
 -1.25207094e+00 -7.15343660e+00 -6.89650203e-01
 -1.91713311e+00 -6.59911784e+00 -1.10440679e+00
 -2.30508604e+00 -6.27576523e+00 -1.34634813e+00
 -4.50824233e+00  5.74723150e+00 -8.64723733e+00
 -5.10914207e+00  5.07271824e+00 -8.32235063e+00
 -5.71004181e+00  4.39820498e+00 -7.99746393e+00
 -6.06056666e+00  4.00473891e+00 -7.80794669e+00
 -3.55942262e+00  5.61703162e+00 -8.58098663e+00
 -2.61060292e+00  5.48683174e+00 -8.51473594e+00
 -2.05712475e+00  5.41088181e+00 -8.47608969e+00
 -4.85616230e+00  6.55194463e+00 -9.03837473e+00
 -5.20408226e+00  7.35665777e+00 -9.42951213e+00
 -5.40703558e+00  7.82607377e+00 -9.65767561e+00
  2.73111221e+00 -1.55328762e+00  8.33382112e-01
  1.96296774e+00 -2.08788619e+00  1.04729435e+00
  1.19482326e+00 -2.62248475e+00  1.26120658e+00
  7.46738986e-01 -2.93433391e+00  1.38598872e+00
  2.63374874e+00 -6.09219020e-01  6.88970114e-01
  2.53638527e+00  3.34849584e-01  5.44558116e-01
  2.47958991e+00  8.85556270e-01  4.60317783e-01
  3.59662015e+00 -1.96275767e+00  7.63881875e-01
  4.46212810e+00 -2.37222771e+00  6.94381638e-01
  4.96700773e+00 -2.61108523e+00  6.53839834e-01
  6.93593717e+00  4.81111729e+00  5.77441372e+00
  7.43909768e+00  5.18272052e+00  5.04616888e+00
  7.94225818e+00  5.55432374e+00  4.31792403e+00
  8.23576847e+00  5.77109229e+00  3.89311454e+00
  7.37563712e+00  4.27177086e+00  6.43575280e+00
  7.81533707e+00  3.73242442e+00  7.09709188e+00
  8.07182871e+00  3.41780567e+00  7.48287301e+00
  5.99307672e+00  4.97886050e+00  5.84131948e+00
  5.05021627e+00  5.14660371e+00  5.90822525e+00
  4.50021434e+00  5.24445391e+00  5.94725361e+00
  6.18713052e+00  9.18006193e+00 -5.05425173e+00
  6.82171329e+00  9.86098261e+00 -5.28930860e+00
  7.45629607e+00  1.05419033e+01 -5.52436548e+00
  7.82646936e+00  1.09391070e+01 -5.66148199e+00
  5.44577551e+00  8.99375457e+00 -5.63501184e+00
  4.70442049e+00  8.80744720e+00 -6.21577196e+00
  4.27196340e+00  8.69876791e+00 -6.55454869e+00
  6.29390275e+00  8.68544863e+00 -4.23843473e+00
  6.40067499e+00  8.19083532e+00 -3.42261774e+00
  6.46295879e+00  7.90231089e+00 -2.94672450e+00
 -1.04436841e+01 -8.53028095e+00  9.12017552e+00
 -1.02454178e+01 -9.15861219e+00  9.81838056e+00
 -1.00471514e+01 -9.78694343e+00  1.05165856e+01
 -9.93149596e+00 -1.01534700e+01  1.09238719e+01
 -1.03985696e+01 -7.58755510e+00  9.29576778e+00
 -1.03534550e+01 -6.64482924e+00  9.47136004e+00
 -1.03271381e+01 -6.09490583e+00  9.57378885e+00
 -1.06870651e+01 -8.84467556e+00  8.24637822e+00
 -1.09304461e+01 -9.15907017e+00  7.37258092e+00
 -1.10724184e+01 -9.34246702e+00  6.86286582e+00
 -1.07421367e+01 -1.86947635e+00  5.07001992e-01
 -9.97273739e+00 -1.78204131e+00 -6.04306397e-02
 -9.20333807e+00 -1.69460627e+00 -6.27863271e-01
 -8.75452179e+00 -1.64360250e+00 -9.58865639e-01
 -1.06561090e+01 -1.74467213e+00  1.45495934e+00
 -1.05700813e+01 -1.61986792e+00  2.40291669e+00
 -1.05198984e+01 -1.54706546e+00  2.95589181e+00
 -1.15975638e+01 -2.08171560e+00  1.26477272e-01
 -1.24529908e+01 -2.29395485e+00 -2.54047447e-01
 -1.29519899e+01 -2.41776108e+00 -4.76020200e-01
 -6.68726228e+00 -3.55401659e+00  1.99377342e+00
 -6.84655673e+00 -3.64107391e+00  2.93645380e+00
 -7.00585117e+00 -3.72813123e+00  3.87913418e+00
 -7.09877293e+00 -3.77891467e+00  4.42903107e+00
 -5.84375691e+00 -3.22159251e+00  1.67818996e+00
 -5.00025154e+00 -2.88916843e+00  1.36260651e+00
 -4.50820673e+00 -2.69525438e+00  1.17851616e+00
 -7.37147321e+00 -3.79938335e+00  1.36667649e+00
 -8.05568414e+00 -4.04475012e+00  7.39579557e-01
 -8.45480718e+00 -4.18788073e+00  3.73773015e-01
 -4.57058559e+00  3.17425769e+00  1.12367441e+00
 -5.17159037e+00  2.59141983e+00  1.59345444e+00
 -5.77259515e+00  2.00858196e+00  2.06323447e+00
 -6.12318127e+00  1.66859321e+00  2.33727283e+00
 -3.83426425e+00  2.80700233e+00  6.29150011e-01
 -3.09794290e+00  2.43974697e+00  1.34625617e-01
 -2.66842212e+00  2.22551467e+00 -1.53846947e-01
 -4.70590216e+00  4.12435092e+00  1.14841877e+00
 -4.84121872e+00  5.07444415e+00  1.17316312e+00
 -4.92015339e+00  5.62866520e+00  1.18759733e+00
  1.08547628e+01 -8.64898308e+00 -2.33361574e+00
  1.05973292e+01 -9.51096070e+00 -2.66876123e+00
  1.03398955e+01 -1.03729383e+01 -3.00390672e+00
  1.01897259e+01 -1.08757586e+01 -3.19940826e+00
  1.05473502e+01 -7.85215099e+00 -2.77197189e+00
  1.02399376e+01 -7.05531890e+00 -3.21032804e+00
  1.00606136e+01 -6.59050018e+00 -3.46603579e+00
  1.14196091e+01 -8.58383754e+00 -1.56011411e+00
  1.19844553e+01 -8.51869200e+00 -7.86612475e-01
  1.23139489e+01 -8.48069044e+00 -3.35403188e-01
  9.56137380e+00  1.73352471e+00 -3.95520332e+00
  1.03365328e+01  2.24368862e+00 -4.20109223e+00
  1.11116917e+01  2.75385254e+00 -4.44698113e+00
  1.15638678e+01  3.05144815e+00 -4.59041633e+00
  9.16304226e+00  1.13081608e+00 -4.58740130e+00
  8.76471071e+00  5.28107440e-01 -5.21959927e+00
  8.53235064e+00  1.76527403e-01 -5.58838143e+00
  9.18454638e+00  1.82606943e+00 -3.07711645e+00
  8.80771895e+00  1.91861416e+00 -2.19902957e+00
  8.58790296e+00  1.97259858e+00 -1.68681222e+00
 -5.76717035e+00  8.97225703e+00  9.37628970e+00
 -5.20459745e+00  8.32874187e+00  9.81332512e+00
 -4.64202455e+00  7.68522670e+00  1.02503605e+01
 -4.31385702e+00  7.30984285e+00  1.05052979e+01
 -6.65486698e+00  8.72776479e+00  9.10459456e+00
 -7.54256360e+00  8.48327255e+00  8.83289942e+00
 -8.06038663e+00  8.34065207e+00  8.67441059e+00
 -5.44204663e+00  9.86026444e+00  9.21094942e+00
 -5.11692291e+00  1.07482718e+01  9.04560913e+00
 -4.92726741e+00  1.12662762e+01  8.94916063e+00
  9.13253014e-01 -3.71027559e+00 -9.23998756e-01
 -4.26777259e-02 -3.79444694e+00 -8.97322840e-01
 -9.98608466e-01 -3.87861828e+00 -8.70646925e-01
 -1.55623473e+00 -3.92771824e+00 -8.55085974e-01
  1.46425130e+00 -4.49635059e+00 -9.33325224e-01
  2.01524959e+00 -5.28242559e+00 -9.42651692e-01
  2.33666526e+00 -5.74096934e+00 -9.48092132e-01
  1.31818547e+00 -2.84002924e+00 -9.41348204e-01
  1.72311792e+00 -1.96978289e+00 -9.58697652e-01
  1.95932852e+00 -1.46213919e+00 -9.68818163e-01
  3.83704447e+00 -7.70936269e+00 -7.22880973e+00
  3.70918934e+00 -8.31381961e+00 -7.96357833e+00
  3.58133422e+00 -8.91827654e+00 -8.69834693e+00
  3.50675207e+00 -9.27087641e+00 -9.12696195e+00
  3.20058513e+00 -7.68555380e+00 -6.51051129e+00
  2.56412580e+00 -7.66174492e+00 -5.79221284e+00
  2.19285786e+00 -7.64785641e+00 -5.37320542e+00
  4.60135892e+00 -7.12871465e+00 -7.21233958e+00
  5.36567338e+00 -6.54806661e+00 -7.19586942e+00
  5.81152348e+00 -6.20935525e+00 -7.18626183e+00
 -6.49058003e+00 -1.58000997e+00 -9.64835157e+00
 -7.41806890e+00 -1.50718628e+00 -9.88512385e+00
 -8.34555776e+00 -1.43436259e+00 -1.01218961e+01
 -8.88659293e+00 -1.39188210e+00 -1.02600133e+01
 -6.10779606e+00 -2.44142266e+00 -9.46656983e+00
 -5.72501208e+00 -3.30283535e+00 -9.28478809e+00
 -5.50172143e+00 -3.80532609e+00 -9.17874874e+00
 -5.94587514e+00 -7.91420960e-01 -9.59336102e+00
 -5.40117024e+00 -2.83195453e-03 -9.53837048e+00
 -5.08342572e+00  4.57178299e-01 -9.50629266e+00
  4.39859263e+00  8.99533255e-01  4.10934436e+00
  5.09780388e+00  1.55433740e+00  4.17207524e+00
  5.79701512e+00  2.20914155e+00  4.23480611e+00
  6.20488835e+00  2.59111064e+00  4.27139912e+00
  3.79665804e+00  9.10204754e-01  3.36157377e+00
  3.19472344e+00  9.20876253e-01  2.61380317e+00
  2.84359493e+00  9.27101294e-01  2.17760366e+00
  4.30131598e+00  2.34057607e-01  4.79438408e+00
  4.20403934e+00 -4.31418042e-01  5.47942380e+00
  4.14729463e+00 -8.19612170e-01  5.87903030e+00
 -2.33700925e+00  2.72911613e+00 -5.35511665e+00
 -3.11063543e+00  2.33153989e+00 -4.94887084e+00
 -3.88426162e+00  1.93396366e+00 -4.54262502e+00
 -4.33554356e+00  1.70204419e+00 -4.30564829e+00
 -2.43198405e+00  3.26459086e+00 -6.14622132e+00
 -2.52695885e+00  3.80006560e+00 -6.93732599e+00
 -2.58236081e+00  4.11242586e+00 -7.39880371e+00
 -1.46840826e+00  2.59121762e+00 -4.97025781e+00
 -5.99807279e-01  2.45331912e+00 -4.58539896e+00
 -9.31233712e-02  2.37287832e+00 -4.36089796e+00
 -4.58605176e+00  1.00749618e+01 -5.09200075e+00
 -4.90692554e+00  1.08505338e+01 -5.55797082e+00
 -5.22779932e+00  1.16261058e+01 -6.02394090e+00
 -5.41497569e+00  1.20785228e+01 -6.29575677e+00
 -5.05037305e+00  9.23883284e+00 -5.17503117e+00
 -5.51469434e+00  8.40270385e+00 -5.25806159e+00
 -5.78554843e+00  7.91496194e+00 -5.30649600e+00
 -3.80085668e+00  1.01355188e+01 -4.54300025e+00
 -3.01566161e+00  1.01960758e+01 -3.99399976e+00
 -2.55763115e+00  1.02314008e+01 -3.67374947e+00
  6.93909266e+00 -6.52864102e+00  8.34772087e+00
  6.05618540e+00 -6.34338745e+00  8.01945896e+00
  5.17327814e+00 -6.15813388e+00  7.69119705e+00
  4.65824890e+00 -6.05006929e+00  7.49971094e+00
  7.10766619e+00 -6.53806425e+00  9.29275746e+00
  7.27623973e+00 -6.54748748e+00  1.02377941e+01
  7.37457429e+00 -6.55298436e+00  1.07890654e+01
  7.65342639e+00 -6.70447136e+00  7.73094618e+00
  8.36776012e+00 -6.88030171e+00  7.11417149e+00
  8.78445479e+00 -6.98286941e+00  6.75438626e+00
  1.45714967e+00  7.20306267e+00  8.32664486e+00
  6.99337307e-01  6.77867397e+00  8.73556375e+00
 -5.84750557e-02  6.35428528e+00  9.14448264e+00
 -5.00532268e-01  6.10672521e+00  9.38301866e+00
  1.47268233e+00  8.15681269e+00  8.21838760e+00
  1.48821498e+00  9.11056271e+00  8.11013035e+00
  1.49727570e+00  9.66691689e+00  8.04698028e+00
  2.19942938e+00  6.67370134e+00  8.02598322e+00
  2.94170909e+00  6.14434001e+00  7.72532158e+00
  3.37470558e+00  5.83554590e+00  7.54993563e+00
 -2.59060533e+00 -1.02327003e+01  1.09999076e+01
 -2.47624827e+00 -1.07012893e+01  1.01698795e+01
 -2.36189122e+00 -1.11698783e+01  9.33985126e+00
 -2.29518293e+00 -1.14432219e+01  8.85566815e+00
 -3.46960364e+00 -1.01148381e+01  1.13674270e+01
 -4.34860196e+00 -9.99697599e+00  1.17349464e+01
 -4.86135097e+00 -9.92822308e+00  1.19493327e+01
 -1.82596408e+00 -9.88197340e+00  1.14624165e+01
 -1.06132283e+00 -9.53124653e+00  1.19249253e+01
 -6.15282095e-01 -9.32665585e+00  1.21947221e+01
 -1.11919485e+01  4.61294598e+00  7.78132717e+00
 -1.11919862e+01  5.36429538e+00  7.18377042e+00
 -1.11920238e+01  6.11564478e+00  6.58621366e+00
 -1.11920458e+01  6.55393193e+00  6.23763889e+00
 -1.07673613e+01  4.68221624e+00  8.63953885e+00
 -1.03427740e+01  4.75148649e+00  9.49775053e+00
 -1.00950981e+01  4.79189414e+00  9.99837401e+00
 -1.16164982e+01  3.79232633e+00  7.52067225e+00
 -1.20410478e+01  2.97170667e+00  7.26001733e+00
 -1.22887018e+01  2.49301187e+00  7.10796862e+00
 -9.68289212e+00 -4.42290146e+00 -4.96780529e+00
 -1.01223660e+01 -5.01085357e+00 -5.58649341e+00
 -1.05618400e+01 -5.59880568e+00 -6.20518154e+00
 -1.08181997e+01 -5.94177774e+00 -6.56608294e+00
 -9.67146083e+00 -4.63326824e+00 -4.03120765e+00
 -9.66002954e+00 -4.84363501e+00 -3.09461000e+00
 -9.65336129e+00 -4.96634897e+00 -2.54826138e+00
 -9.25484949e+00 -3.62458257e+00 -5.28571481e+00
 -8.82680686e+00 -2.82626368e+00 -5.60362433e+00
 -8.57711533e+00 -2.36057767e+00 -5.78907155e+00
  3.14122932e+00 -1.85058552e+00  1.01690641e+01
  3.61926658e+00 -1.40372763e+00  1.08714874e+01
  4.09730385e+00 -9.56869751e-01  1.15739106e+01
  4.37615892e+00 -6.96202653e-01  1.19836575e+01
  3.61577880e+00 -2.39425968e+00  9.53595972e+00
  4.09032828e+00 -2.93793385e+00  8.90285531e+00
  4.36714881e+00 -3.25507711e+00  8.53354441e+00
  2.18864257e+00 -1.75376923e+00  1.00997453e+01
  1.23605583e+00 -1.65695295e+00  1.00304265e+01
  6.80380229e-01 -1.60047678e+00  9.98999048e+00
 -3.52180807e+00  2.60815844e+00  9.42798051e+00
 -3.68356441e+00  1.93135128e+00  1.00893177e+01
 -3.84532075e+00  1.25454411e+00  1.07506550e+01
 -3.93967862e+00  8.59739934e-01  1.11364350e+01
 -4.26002910e+00  3.06482049e+00  9.01799333e+00
 -4.99825013e+00  3.52148254e+00  8.60800616e+00
 -5.42887906e+00  3.78786874e+00  8.36884698e+00
 -2.62183069e+00  2.82830356e+00  9.17663044e+00
 -1.72185332e+00  3.04844867e+00  8.92528037e+00
 -1.19686652e+00  3.17686666e+00  8.77865949e+00
 -2.42727784e+00  4.43803864e+00 -1.07079829e+01
 -2.42198284e+00  5.38654029e+00 -1.08560254e+01
 -2.41668785e+00  6.33504194e+00 -1.10040679e+01
 -2.41359910e+00  6.88833457e+00 -1.10904260e+01
 -1.64135804e+00  3.91888135e+00 -1.08934708e+01
 -8.55438230e-01  3.39972407e+00 -1.10789587e+01
 -3.96985009e-01  3.09688232e+00 -1.11871600e+01
 -3.21849265e+00  4.00869427e+00 -1.03744524e+01
 -4.00970745e+00  3.57934991e+00 -1.00409220e+01
 -4.47124942e+00  3.32889903e+00 -9.84636260e+00
  1.74508079e-02  2.61792748e+00  3.34894725e+00
  9.60715654e-01  2.79522635e+00  3.36935659e+00
  1.90398050e+00  2.97252522e+00  3.38976593e+00
  2.45421833e+00  3.07594956e+00  3.40167138e+00
 -4.03250582e-01  2.35162330e+00  2.52815956e+00
 -8.23951971e-01  2.08531911e+00  1.70737188e+00
 -1.06936112e+00  1.92997501e+00  1.22857906e+00
 -5.05112648e-01  2.70693279e+00  4.14932559e+00
 -1.02767610e+00  2.79593811e+00  4.94970393e+00
 -1.33250479e+00  2.84785787e+00  5.41659129e+00
 -2.22384900e+00 -7.63403356e+00  3.92393869e+00
 -2.53104782e+00 -6.72632594e+00  3.86652988e+00
 -2.83824663e+00 -5.81861833e+00  3.80912107e+00
 -3.01744595e+00 -5.28912222e+00  3.77563260e+00
 -1.72072283e+00 -7.92303985e+00  4.68875201e+00
 -1.21759666e+00 -8.21204614e+00  5.45356534e+00
 -9.24106389e-01 -8.38063315e+00  5.89970644e+00
 -2.41977635e+00 -8.25273488e+00  3.21653417e+00
 -2.61570370e+00 -8.87143621e+00  2.50912966e+00
 -2.72999465e+00 -9.23234531e+00  2.09647703e+00
  1.98199337e+00 -6.68274866e+00 -8.62846889e+00
  2.81003621e+00 -6.87628035e+00 -9.07399165e+00
  3.63807906e+00 -7.06981205e+00 -9.51951441e+00
  4.12110405e+00 -7.18270553e+00 -9.77940268e+00
  1.98831667e+00 -6.27075102e+00 -7.76139452e+00
  1.99463998e+00 -5.85875338e+00 -6.89432015e+00
  1.99832857e+00 -5.61842143e+00 -6.38852677e+00
  1.14762722e+00 -6.90121460e+00 -9.05002050e+00
  3.13261070e-01 -7.11968055e+00 -9.47157211e+00
 -1.73452517e-01 -7.24711901e+00 -9.71747722e+00
 -8.73002632e-01 -2.87913899e+00  8.99550094e+00
 -1.55246191e-01 -3.12110442e+00  8.40568874e+00
  5.62510249e-01 -3.36306985e+00  7.81587655e+00
  9.81201506e-01 -3.50421635e+00  7.47181944e+00
 -6.88655918e-01 -2.38863293e+00  9.79987653e+00
 -5.04309204e-01 -1.89812686e+00  1.06042521e+01
 -3.96773621e-01 -1.61199833e+00  1.10734712e+01
 -1.77510579e+00 -3.12767963e+00  8.78093754e+00
 -2.67720894e+00 -3.37622027e+00  8.56637415e+00
 -3.20343578e+00 -3.52120230e+00  8.44121216e+00
 -5.20075660e+00 -9.71960257e+00  2.20061676e+00
 -6.04120999e+00 -1.01529421e+01  2.36631204e+00
 -6.88166338e+00 -1.05862817e+01  2.53200732e+00
 -7.37192786e+00 -1.08390631e+01  2.62866290e+00
 -4.88828844e+00 -9.60664615e+00  1.29994784e+00
 -4.57582027e+00 -9.49368973e+00  3.99278929e-01
 -4.39354718e+00 -9.42779849e+00 -1.26111272e-01
 -4.67277137e+00 -9.39921944e+00  2.93559039e+00
 -4.14478614e+00 -9.07883630e+00  3.67056403e+00
 -3.83679476e+00 -8.89194613e+00  4.09929865e+00
  5.89113569e+00 -9.85000134e+00  9.60081210e+00
  5.12536665e+00 -9.90603942e+00  1.01770564e+01
  4.35959762e+00 -9.96207750e+00  1.07533007e+01
  3.91289902e+00 -9.99476638e+00  1.10894433e+01
  6.44354055e+00 -1.06224361e+01  9.46012312e+00
  6.99594541e+00 -1.13948709e+01  9.31943414e+00
  7.31818158e+00 -1.18454578e+01  9.23736557e+00
  6.10449986e+00 -9.02152848e+00  9.16525676e+00
  6.31786404e+00 -8.19305563e+00  8.72970142e+00
  6.44232647e+00 -7.70977980e+00  8.47562747e+00
  1.60938288e-02 -1.69302006e+00 -3.89961393e+00
 -1.34537145e-01 -2.42579362e+00 -3.29798845e+00
 -2.85168118e-01 -3.15856719e+00 -2.69636297e+00
 -3.73036186e-01 -3.58601843e+00 -2.34541478e+00
 -3.00747307e-01 -8.14981667e-01 -3.67542589e+00
 -6.17588443e-01  6.30567255e-02 -3.45123786e+00
 -8.02412439e-01  5.75245788e-01 -3.32046150e+00
  4.83565938e-01 -1.83828489e+00 -4.72542744e+00
  9.51038048e-01 -1.98354972e+00 -5.55124095e+00
  1.22373011e+00 -2.06828754e+00 -6.03296550e+00
 -9.32367262e+00  2.19664346e+00  1.05621146e+00
 -9.21349661e+00  1.58511333e+00  1.78798475e+00
 -9.10332059e+00  9.73583204e-01  2.51975803e+00
 -9.03905125e+00  6.16857294e-01  2.94662578e+00
 -8.63302798e+00  2.28348977e+00  3.95100494e-01
 -7.94238335e+00  2.37033607e+00 -2.66010470e-01
 -7.53950731e+00  2.42099641e+00 -6.51658532e-01
 -1.01244933e+01  2.72132729e+00  9.85549133e-01
 -1.09253139e+01  3.24601112e+00  9.14886808e-01
 -1.13924593e+01  3.55207669e+00  8.73667119e-01
 -1.69869625e+00 -1.67265679e+00  4.29177108e+00
 -1.56652708e+00 -2.62082404e+00  4.36325667e+00
 -1.43435790e+00 -3.56899128e+00  4.43474227e+00
 -1.35725922e+00 -4.12208884e+00  4.47644220e+00
 -1.63089718e+00 -1.11834412e+00  5.07263006e+00
 -1.56309810e+00 -5.64031450e-01  5.85348904e+00
 -1.52354864e+00 -2.40682392e-01  6.30899011e+00
 -1.89866450e+00 -1.27880222e+00  3.43942650e+00
 -2.09863275e+00 -8.84947653e-01  2.58708192e+00
 -2.21528090e+00 -6.55199154e-01  2.08988092e+00
 -4.33800206e+00 -2.59414313e-02 -3.19014769e+00
 -4.06472178e+00  7.43465998e-01 -2.68524167e+00
 -3.79144150e+00  1.51287343e+00 -2.18033564e+00
 -3.63202800e+00  1.96169443e+00 -1.88580712e+00
 -4.38850922e+00  2.14323465e-02 -4.14764691e+00
 -4.43901638e+00  6.88061243e-02 -5.10514613e+00
 -4.46847889e+00  9.64408280e-02 -5.66368734e+00
 -4.56077518e+00 -8.42722639e-01 -2.73755450e+00
 -4.78354830e+00 -1.65950385e+00 -2.28496131e+00
 -4.91349928e+00 -2.13595955e+00 -2.02094861e+00
 -8.15651802e+00 -1.52952181e+00  7.24029874e+00
 -8.33005192e+00 -1.36665960e+00  8.17033201e+00
 -8.50358582e+00 -1.20379739e+00  9.10036528e+00
 -8.60481393e+00 -1.10879443e+00  9.64288469e+00
 -7.68926576e+00 -2.32375508e+00  6.97109836e+00
 -7.22201350e+00 -3.11798835e+00  6.70189798e+00
 -6.94944969e+00 -3.58129109e+00  6.54486443e+00
 -8.45023637e+00 -8.98150749e-01  6.57946584e+00
 -8.74395472e+00 -2.66779689e-01  5.91863295e+00
 -8.91529043e+00  1.01520095e-01  5.53314709e+00
  4.73287760e+00 -8.86163249e+00 -2.59489289e+00
  4.87861509e+00 -8.13684375e+00 -3.20729950e+00
  5.02435257e+00 -7.41205500e+00 -3.81970612e+00
  5.10936611e+00 -6.98926156e+00 -4.17694331e+00
  3.88101369e+00 -9.30345688e+00 -2.56807713e+00
  3.02914978e+00 -9.74528127e+00 -2.54126137e+00
  2.53222917e+00 -1.00030122e+01 -2.52561884e+00
  5.43900403e+00 -9.14459685e+00 -2.00930204e+00
  6.14513046e+00 -9.42756121e+00 -1.42371119e+00
  6.55703754e+00 -9.59262375e+00 -1.08211653e+00
 -4.24316884e+00 -1.67014230e+00 -6.87874508e+00
 -4.36609962e+00 -1.51247019e+00 -7.81769531e+00
 -4.48903041e+00 -1.35479808e+00 -8.75664553e+00
 -4.56074003e+00 -1.26282268e+00 -9.30436650e+00
 -4.93420168e+00 -1.42989883e+00 -6.25716910e+00
 -5.62523451e+00 -1.18965535e+00 -5.63559313e+00
 -6.02833700e+00 -1.04951333e+00 -5.27300714e+00
 -3.42920522e+00 -2.06805789e+00 -6.56137083e+00
 -2.61524160e+00 -2.46597347e+00 -6.24399658e+00
 -2.14042949e+00 -2.69809090e+00 -6.05886160e+00
 -7.93719456e+00  7.60951545e+00  1.35041649e+00
 -7.49588373e+00  7.23142354e+00  2.11454426e+00
 -7.05457291e+00  6.85333162e+00  2.87867204e+00
 -6.79714159e+00  6.63277801e+00  3.32441324e+00
 -7.41971725e+00  7.95071401e+00  6.17340238e-01
 -6.90223995e+00  8.29191256e+00 -1.15736011e-01
 -6.60037819e+00  8.49094505e+00 -5.43363823e-01
 -8.89598269e+00  7.64640882e+00  1.31936496e+00
 -9.85477082e+00  7.68330218e+00  1.28831343e+00
 -1.04140639e+01  7.70482331e+00  1.27020004e+00
  8.51966557e+00  9.01428181e+00  3.30204501e+00
  8.37837809e+00  8.71069475e+00  2.40233798e+00
  8.23709060e+00  8.40710770e+00  1.50263094e+00
  8.15467290e+00  8.23001525e+00  9.77801842e-01
  9.16365771e+00  8.57410001e+00  3.86161101e+00
  9.80764985e+00  8.13391820e+00  4.42117701e+00
  1.01833119e+01  7.87714549e+00  4.74759051e+00
  8.01696093e+00  9.75805066e+00  3.64218604e+00
  7.51425628e+00  1.05018195e+01  3.98232708e+00
  7.22101190e+00  1.09356847e+01  4.18074268e+00
  1.12871098e+01  1.00905544e+01 -8.37886530e+00
  1.11340767e+01  9.52306347e+00 -7.61982980e+00
  1.09810436e+01  8.95557251e+00 -6.86079430e+00
  1.08917743e+01  8.62453612e+00 -6.41802359e+00
  1.16056822e+01  1.09871383e+01 -8.25139384e+00
  1.19242546e+01  1.18837222e+01 -8.12392239e+00
  1.21100884e+01  1.24067295e+01 -8.04956404e+00
  1.11215705e+01  9.76146148e+00 -9.26537226e+00
  1.09560313e+01  9.43236854e+00 -1.01518792e+01
  1.08594667e+01  9.24039766e+00 -1.06690083e+01
  9.31420958e+00 -1.04709442e+01  9.02589990e+00
  8.99387461e+00 -1.10708873e+01  9.70343497e+00
  8.67353964e+00 -1.16708304e+01  1.03809700e+01
  8.48667758e+00 -1.20207972e+01  1.07761988e+01
  9.97354591e+00 -9.80824727e+00  9.24432245e+00
  1.06328822e+01 -9.14555036e+00  9.46274499e+00
  1.10174951e+01 -8.75897716e+00  9.59015814e+00
  8.97520821e+00 -1.05336980e+01  8.12994229e+00
  8.63620685e+00 -1.05964518e+01  7.23398468e+00
  8.43845605e+00 -1.06330581e+01  6.71134275e+00
  6.37272080e+00  1.46471585e+00 -2.61731395e-01
  6.48700605e+00  1.21741663e+00 -1.18226492e+00
  6.60129130e+00  9.70117413e-01 -2.10279845e+00
  6.66795770e+00  8.25859535e-01 -2.63977634e+00
  7.12472559e+00  1.77242674e+00  2.49544270e-01
  7.87673038e+00  2.08013763e+00  7.60819935e-01
  8.31539984e+00  2.25963566e+00  1.05906407e+00
  5.50643076e+00  1.40430418e+00  1.47526470e-01
  4.64014072e+00  1.34389250e+00  5.56784334e-01
  4.13480487e+00  1.30865236e+00  7.95518088e-01
 -4.36422849e+00  9.81098499e+00  2.48462298e+00
 -4.55128037e+00  1.01897486e+01  3.34668432e+00
 -4.73833224e+00  1.05685121e+01  4.20874566e+00
 -4.84744583e+00  1.07894576e+01  4.71161477e+00
 -3.70333642e+00  1.02136516e+01  1.91657254e+00
 -3.04244435e+00  1.06163181e+01  1.34852209e+00
 -2.65692398e+00  1.08512070e+01  1.01715933e+00
 -4.83806869e+00  9.02955485e+00  2.19061209e+00
 -5.31190889e+00  8.24812472e+00  1.89660119e+00
 -5.58831567e+00  7.79229047e+00  1.72509483e+00
  8.85445562e+00 -4.71881848e+00 -2.82843004e+00
  9.10940947e+00 -4.45621867e+00 -3.71592081e+00
  9.36436333e+00 -4.19361886e+00 -4.60341159e+00
  9.51308641e+00 -4.04043564e+00 -5.12111454e+00
  8.01018581e+00 -4.43733619e+00 -2.46846308e+00
  7.16591600e+00 -4.15585391e+00 -2.10849613e+00
  6.67342528e+00 -3.99165591e+00 -1.89851540e+00
  9.44377158e+00 -5.26290057e+00 -2.30090622e+00
  1.00330875e+01 -5.80698266e+00 -1.77338240e+00
  1.03768552e+01 -6.12436388e+00 -1.46566017e+00
  2.46154203e+00  1.78677255e+00 -1.36139252e+00
  1.61295038e+00  1.38810078e+00 -1.15510866e+00
  7.64358729e-01  9.89429020e-01 -9.48824790e-01
  2.69346932e-01  7.56870490e-01 -8.28492534e-01
  2.96145122e+00  2.23392055e+00 -6.74552324e-01
  3.46136042e+00  2.68106856e+00  1.22878754e-02
  3.75297411e+00  2.94190490e+00  4.12944658e-01
  2.81022449e+00  1.73829631e+00 -2.25451659e+00
  3.15890695e+00  1.68982006e+00 -3.14764065e+00
  3.36230505e+00  1.66154225e+00 -3.66862969e+00
  5.66258819e-01 -3.93547082e+00  3.75248721e+00
  3.32468641e-02 -3.57548601e+00  3.03980973e+00
 -4.99765091e-01 -3.21550119e+00  2.32713225e+00
 -8.10688732e-01 -3.00551005e+00  1.91140373e+00
  1.77010270e-01 -4.07743693e+00  4.61847289e+00
 -2.12238280e-01 -4.21940303e+00  5.48445857e+00
 -4.39299934e-01 -4.30221659e+00  5.98961688e+00
  1.48851932e+00 -4.15348953e+00  3.59917901e+00
  2.41077983e+00 -4.37150824e+00  3.44587082e+00
  2.94876512e+00 -4.49868582e+00  3.35644104e+00
 -2.39291527e+00 -4.31961277e+00  5.86619612e-01
 -2.29815593e+00 -3.37814066e+00  7.48640979e-01
 -2.20339659e+00 -2.43666854e+00  9.10662345e-01
 -2.14812031e+00 -1.88747647e+00  1.00517481e+00
 -2.89047634e+00 -4.62804054e+00 -1.74238649e-01
 -3.38803741e+00 -4.93646831e+00 -9.35096911e-01
 -3.67828137e+00 -5.11638451e+00 -1.37893090e+00
 -1.99011355e+00 -4.95265712e+00  1.18545651e+00
 -1.58731182e+00 -5.58570146e+00  1.78429340e+00
 -1.35234415e+00 -5.95497733e+00  2.13361492e+00
  4.95297913e+00  1.24025804e-01 -4.33583844e+00
  5.69006686e+00 -4.59371297e-01 -4.14103211e+00
  6.42715458e+00 -1.04276840e+00 -3.94622579e+00
  6.85712243e+00 -1.38308337e+00 -3.83258877e+00
  4.11981668e+00 -2.41181177e-01 -4.64253731e+00
  3.28665423e+00 -6.06388159e-01 -4.94923618e+00
  2.80064281e+00 -8.19425565e-01 -5.12814386e+00
  5.04905385e+00  1.07262989e+00 -4.22394589e+00
  5.14512856e+00  2.02123397e+00 -4.11205334e+00
  5.20117215e+00  2.57458635e+00 -4.04678268e+00
 -9.42291420e+00  9.62965916e+00  8.00031223e+00
 -9.21053123e+00  9.48366935e+00  7.07555256e+00
 -8.99814825e+00  9.33767954e+00  6.15079289e+00
 -8.87425819e+00  9.25251881e+00  5.61134975e+00
 -9.43377697e+00  8.89050822e+00  8.61279724e+00
 -9.44463974e+00  8.15135728e+00  9.22528226e+00
 -9.45097636e+00  7.72018590e+00  9.58256518e+00
 -9.62443441e+00  1.05147999e+01  8.31258689e+00
 -9.82595461e+00  1.13999407e+01  8.62486155e+00
 -9.94350807e+00  1.19162728e+01  8.80702176e+00
 -2.14738454e+00 -6.08656884e+00 -5.90751967e+00
 -2.10927509e+00 -5.68410334e+00 -5.03679056e+00
 -2.07116564e+00 -5.28163783e+00 -4.16606145e+00
 -2.04893512e+00 -5.04686628e+00 -3.65813614e+00
 -2.04038671e+00 -7.03583273e+00 -6.00264875e+00
 -1.93338888e+00 -7.98509661e+00 -6.09777783e+00
 -1.87097348e+00 -8.53883388e+00 -6.15326979e+00
 -2.29249182e+00 -5.53977047e+00 -6.68311971e+00
 -2.43759910e+00 -4.99297209e+00 -7.45871974e+00
 -2.52224501e+00 -4.67400637e+00 -7.91115309e+00
 -2.56225324e+00 -7.19249145e+00  9.28723897e+00
 -2.26898900e+00 -6.95763168e+00  8.40381552e+00
 -1.97572477e+00 -6.72277192e+00  7.52039208e+00
 -1.80465397e+00 -6.58577039e+00  7.00506174e+00
 -3.50052074e+00 -7.24138382e+00  9.48437756e+00
 -4.43878825e+00 -7.29027619e+00  9.68151615e+00
 -4.98611096e+00 -7.31879674e+00  9.79651366e+00
 -1.91724996e+00 -7.37845884e+00  9.97352382e+00
 -1.27224668e+00 -7.56442623e+00  1.06598087e+01
 -8.95994774e-01 -7.67290721e+00  1.10601415e+01
 -1.01891746e+01 -6.39925369e+00 -9.92053261e+00
 -9.53261775e+00 -7.09957429e+00 -9.92970487e+00
 -8.87606089e+00 -7.79989490e+00 -9.93887714e+00
 -8.49306938e+00 -8.20841525e+00 -9.94422763e+00
 -1.09368839e+01 -6.43438105e+00 -1.05216124e+01
 -1.16845932e+01 -6.46950840e+00 -1.11226921e+01
 -1.21207570e+01 -6.48999936e+00 -1.14733220e+01
 -1.00980222e+01 -5.66380573e+00 -9.31028059e+00
 -1.00068698e+01 -4.92835776e+00 -8.70002857e+00
 -9.95369750e+00 -4.49934645e+00 -8.34404822e+00
 -4.35847800e+00  8.78463801e+00 -1.17302887e+01
 -4.16499090e+00  7.91836286e+00 -1.20959799e+01
 -3.97150379e+00  7.05208770e+00 -1.24616712e+01
 -3.85863631e+00  6.54676053e+00 -1.26749911e+01
 -3.85116999e+00  9.54912719e+00 -1.20127686e+01
 -3.34386198e+00  1.03136164e+01 -1.22952484e+01
 -3.04793231e+00  1.07595684e+01 -1.24600284e+01
 -5.05927312e+00  8.88642399e+00 -1.10821175e+01
 -5.76006824e+00  8.98820996e+00 -1.04339464e+01
 -6.16886540e+00  9.04758512e+00 -1.00558466e+01
 -9.00462348e+00 -1.04071185e+01 -5.92812513e+00
 -8.52048975e+00 -9.61303345e+00 -6.16612417e+00
 -8.03635602e+00 -8.81894845e+00 -6.40412322e+00
 -7.75394468e+00 -8.35573220e+00 -6.54295599e+00
 -8.87550956e+00 -1.12161184e+01 -6.42857368e+00
 -8.74639563e+00 -1.20251183e+01 -6.92902224e+00
 -8.67107918e+00 -1.24970349e+01 -7.22095057e+00
 -9.61787113e+00 -1.03922036e+01 -5.18967752e+00
 -1.02311188e+01 -1.03772887e+01 -4.45122992e+00
 -1.05888466e+01 -1.03685883e+01 -4.02046882e+00
 -7.13612535e+00  1.17635104e+00 -6.63656757e+00
 -7.93632309e+00  7.00432948e-01 -6.40250443e+00
 -8.73652083e+00  2.24514860e-01 -6.16844129e+00
 -9.20330284e+00 -5.31040243e-02 -6.03190446e+00
 -6.68295512e+00  1.70691210e+00 -5.97721812e+00
 -6.22978489e+00  2.23747317e+00 -5.31786867e+00
 -5.96543559e+00  2.54696713e+00 -4.93324816e+00
 -6.78909784e+00  1.12170805e+00 -7.52998015e+00
 -6.44207033e+00  1.06706507e+00 -8.42339274e+00
 -6.23963762e+00  1.03519000e+00 -8.94455009e+00
  3.32346468e+00 -8.88738366e+00  6.79997833e+00
  2.93398023e+00 -8.19872742e+00  7.34371948e+00
  2.54449578e+00 -7.51007117e+00  7.88746063e+00
  2.31729651e+00 -7.10835502e+00  8.20464296e+00
  3.62541064e+00 -8.68431602e+00  5.91161345e+00
  3.92735661e+00 -8.48124838e+00  5.02324857e+00
  4.10349176e+00 -8.36279226e+00  4.50503572e+00
  3.41100316e+00 -9.77910755e+00  7.14460207e+00
  3.49854164e+00 -1.06708314e+01  7.48922581e+00
  3.54960576e+00 -1.11910037e+01  7.69025632e+00
 -1.38039495e+00  1.24340022e+01 -3.88997131e+00
 -4.54030433e-01  1.25939979e+01 -3.69542013e+00
  4.72334080e-01  1.27539936e+01 -3.50086894e+00
  1.01271338e+00  1.28473244e+01 -3.38738075e+00
 -2.02148552e+00  1.23980052e+01 -3.17631377e+00
 -2.66257609e+00  1.23620082e+01 -2.46265622e+00
 -3.03654559e+00  1.23410099e+01 -2.04635598e+00
 -1.66566889e+00  1.23100035e+01 -4.79818005e+00
 -1.95094283e+00  1.21860048e+01 -5.70638878e+00
 -2.11735263e+00  1.21136722e+01 -6.23617720e+00
  9.11497443e+00 -2.77239082e+00 -5.51290837e-01
  8.56257756e+00 -1.99369136e+00 -4.50867487e-01
  8.01018070e+00 -1.21499189e+00 -3.50444138e-01
  7.68794920e+00 -7.60750536e-01 -2.91863851e-01
  1.00072600e+01 -2.68685289e+00 -8.94961768e-01
  1.08995456e+01 -2.60131496e+00 -1.23863270e+00
  1.14200455e+01 -2.55141784e+00 -1.43910741e+00
  8.77508571e+00 -3.63662822e+00 -3.08043255e-01
  8.43519699e+00 -4.50086561e+00 -6.47956728e-02
  8.23692858e+00 -5.00500409e+00  7.70987501e-02
  2.64175050e+00  2.82956433e+00 -1.09510141e+01
  3.08564971e+00  2.47812155e+00 -1.01757454e+01
  3.52954893e+00  2.12667878e+00 -9.40047678e+00
  3.78849013e+00  1.92167050e+00 -8.94823674e+00
  2.97108895e+00  3.62667753e+00 -1.13726143e+01
  3.30042741e+00  4.42379074e+00 -1.17942144e+01
  3.49254151e+00  4.88877344e+00 -1.20401479e+01
  1.86851283e+00  2.38389389e+00 -1.13046825e+01
  1.09527516e+00  1.93822346e+00 -1.16583510e+01
  6.44219857e-01  1.67824904e+00 -1.18646576e+01
  1.07499056e+01  3.04383980e+00 -8.35831351e-01
  1.09427833e+01  2.51488759e+00 -1.61339662e+00
  1.11356610e+01  1.98593538e+00 -2.39096190e+00
  1.12481730e+01  1.67737993e+00 -2.84454164e+00
  1.11059782e+01  3.93205500e+00 -7.59110991e-01
  1.14620509e+01  4.82027019e+00 -6.82390630e-01
  1.16697600e+01  5.33839573e+00 -6.37637087e-01
  1.02009552e+01  2.68457681e+00 -1.34986438e-01
  9.65200482e+00  2.32531382e+00  5.65858476e-01
  9.33178377e+00  2.11574374e+00  9.74684675e-01
  8.34670153e-02  1.06163392e+01  1.27108275e+00
  7.79893879e-02  1.02965973e+01  3.65911441e-01
  7.25117604e-02  9.97685540e+00 -5.39259871e-01
  6.93164777e-02  9.79033928e+00 -1.06727647e+00
  7.77264093e-01  1.12107002e+01  1.56600762e+00
  1.47106117e+00  1.18050611e+01  1.86093249e+00
  1.87577613e+00  1.21517717e+01  2.03297200e+00
 -6.04852435e-01  1.03417202e+01  1.88132920e+00
 -1.29317189e+00  1.00671012e+01  2.49157564e+00
 -1.69469157e+00  9.90690673e+00  2.84755273e+00
 -8.32475039e+00 -1.10031029e+01  1.04129660e+01
 -8.91211414e+00 -1.15829511e+01  9.92268050e+00
 -9.49947789e+00 -1.21627993e+01  9.43239500e+00
 -9.84210674e+00 -1.25010441e+01  9.14639513e+00
 -7.52322179e+00 -1.06721153e+01  1.00011419e+01
 -6.72169318e+00 -1.03411277e+01  9.58931773e+00
 -6.25413483e+00 -1.01480516e+01  9.34908698e+00
 -8.53891524e+00 -1.07542422e+01  1.13150756e+01
 -8.75308009e+00 -1.05053816e+01  1.22171853e+01
 -8.87800959e+00 -1.03602129e+01  1.27434159e+01
 -3.25545422e+00  6.61614589e+00  6.35545984e+00
 -2.87047287e+00  6.02321953e+00  5.70597721e+00
 -2.48549152e+00  5.43029317e+00  5.05649457e+00
 -2.26091907e+00  5.08441946e+00  4.67762970e+00
 -3.19362908e+00  7.56642994e+00  6.23406023e+00
 -3.13180393e+00  8.51671400e+00  6.11266063e+00
 -3.09573926e+00  9.07104637e+00  6.04184419e+00
 -3.70226072e+00  6.25878819e+00  7.12634209e+00
 -4.14906721e+00  5.90143050e+00  7.89722433e+00
 -4.40970433e+00  5.69297184e+00  8.34690564e+00
  2.65763307e+00  6.94088330e+00  9.09643955e-02
  2.46323869e+00  6.13282245e+00 -3.89502558e-01
  2.26884430e+00  5.32476161e+00 -8.69969512e-01
  2.15544757e+00  4.85339278e+00 -1.15024190e+00
  3.56871805e+00  7.18925228e+00  2.63698322e-01
  4.47980303e+00  7.43762127e+00  4.36432248e-01
  5.01126927e+00  7.58250317e+00  5.37193705e-01
  1.94094248e+00  7.50057516e+00  3.98697423e-01
  1.22425189e+00  8.06026702e+00  7.06430450e-01
  8.06182380e-01  8.38675394e+00  8.85941383e-01
 -9.60718800e+00 -7.99338033e+00 -3.41559323e-01
 -1.03752810e+01 -7.42155798e+00 -4.09767741e-01
 -1.11433739e+01 -6.84973563e+00 -4.77976159e-01
 -1.15914282e+01 -6.51617259e+00 -5.17764402e-01
 -9.70496062e+00 -8.89198912e+00 -1.82285894e-02
 -9.80273325e+00 -9.79059790e+00  3.05102144e-01
 -9.85976728e+00 -1.03147864e+01  4.93711739e-01
 -8.74132240e+00 -7.66659390e+00 -5.96681639e-01
 -7.87545680e+00 -7.33980746e+00 -8.51803955e-01
 -7.37036854e+00 -7.14918204e+00 -1.00062531e+00
  3.34427525e-02  8.87269429e-01 -8.29828936e+00
 -7.66691496e-01  7.99038697e-01 -8.82135773e+00
 -1.56682574e+00  7.10807965e-01 -9.34442611e+00
 -2.03357072e+00  6.59340038e-01 -9.64954932e+00
  2.11579537e-02  6.73474644e-01 -7.36247908e+00
  8.87315493e-03  4.59679858e-01 -6.42666881e+00
  1.70702230e-03  3.34966233e-01 -5.88077948e+00
  8.45861799e-01  1.18929495e+00 -8.71103126e+00
  1.65828085e+00  1.49132047e+00 -9.12377317e+00
  2.13219196e+00  1.66750202e+00 -9.36453928e+00
  9.12750176e+00 -4.25019164e-01  4.90104203e+00
  9.12282175e+00 -3.86644427e-01  5.86026331e+00
  9.11814174e+00 -3.48269690e-01  6.81948460e+00
  9.11541173e+00 -3.25884427e-01  7.37903035e+00
  8.96489752e+00 -1.25844488e+00  4.45320116e+00
  8.80229328e+00 -2.09187059e+00  4.00536029e+00
  8.70744081e+00 -2.57803558e+00  3.74411978e+00
  9.29478601e+00  3.70031809e-01  4.38966161e+00
  9.46207026e+00  1.16508278e+00  3.87828120e+00
  9.55965274e+00  1.62886252e+00  3.57997595e+00
  3.05727078e-01  2.72937746e+00  9.93196070e+00
  7.99661955e-01  2.74547820e+00  9.10893634e+00
  1.29359683e+00  2.76157895e+00  8.28591197e+00
  1.58172551e+00  2.77097105e+00  7.80581443e+00
  4.47662445e-01  2.02011745e+00  1.05631537e+01
  5.89597811e-01  1.31085745e+00  1.11943467e+01
  6.72393441e-01  8.97122446e-01  1.15625426e+01
 -3.30143164e-01  3.42253672e+00  1.01237921e+01
 -9.66013406e-01  4.11569598e+00  1.03156234e+01
 -1.33693771e+00  4.52003888e+00  1.04275251e+01
  6.99855005e+00 -3.79756152e+00  7.13452390e+00
  7.45116975e+00 -4.42617458e+00  7.70160505e+00
  7.90378944e+00 -5.05478764e+00  8.26868621e+00
  8.16781760e+00 -5.42147859e+00  8.59948355e+00
  7.12720855e+00 -3.82961166e+00  6.18372435e+00
  7.25586705e+00 -3.86166179e+00  5.23292481e+00
  7.33091784e+00 -3.88035771e+00  4.67829174e+00
  6.41727186e+00 -3.13689833e+00  7.51824230e+00
  5.83599366e+00 -2.47623514e+00  7.90196069e+00
  5.49691471e+00 -2.09084828e+00  8.12579642e+00
  5.64341099e+00  6.60594809e+00  8.96215059e+00
  6.03962988e+00  5.95002726e+00  8.38389593e+00
  6.43584877e+00  5.29410643e+00  7.80564126e+00
  6.66697646e+00  4.91148595e+00  7.46832604e+00
  4.79236245e+00  6.43349415e+00  9.37151110e+00
  3.94131391e+00  6.26104021e+00  9.78087160e+00
  3.44486893e+00  6.16044208e+00  1.00196652e+01
  6.09824064e+00  7.43432285e+00  9.13104475e+00
  6.55307029e+00  8.26269762e+00  9.29993892e+00
  6.81838758e+00  8.74591623e+00  9.39846051e+00
 -5.64258420e+00 -5.02327827e+00  4.89993043e+00
 -5.55487606e+00 -4.84855365e+00  5.83981265e+00
 -5.46716793e+00 -4.67382903e+00  6.77969487e+00
 -5.41600485e+00 -4.57190633e+00  7.32795950e+00
 -6.32985618e+00 -5.61422965e+00  4.58364942e+00
 -7.01712817e+00 -6.20518104e+00  4.26736841e+00
 -7.41803682e+00 -6.54990268e+00  4.08287115e+00
 -5.04302035e+00 -4.60705150e+00  4.27632922e+00
 -4.44345650e+00 -4.19082473e+00  3.65272800e+00
 -4.09371093e+00 -3.94802578e+00  3.28896063e+00
 -7.19548803e+00  4.72074851e+00 -4.93097657e-01
 -7.00611901e+00  5.65962095e+00 -5.58350316e-01
 -6.81674998e+00  6.59849339e+00 -6.23602975e-01
 -6.70628471e+00  7.14616898e+00 -6.61667026e-01
 -6.48238421e+00  4.09684279e+00 -3.38745477e-01
 -5.76928039e+00  3.47293707e+00 -1.84393296e-01
 -5.35330316e+00  3.10899207e+00 -9.43545242e-02
 -8.09796088e+00  4.40578179e+00 -5.82197179e-01
 -9.00043372e+00  4.09081506e+00 -6.71296701e-01
 -9.52687622e+00  3.90708447e+00 -7.23271422e-01
 -5.13503988e+00 -2.79867215e+00 -1.16838242e+01
 -4.32449637e+00 -2.61053486e+00 -1.12050512e+01
 -3.51395286e+00 -2.42239757e+00 -1.07262782e+01
 -3.04113581e+00 -2.31265082e+00 -1.04469940e+01
 -5.75648005e+00 -2.09158190e+00 -1.18720674e+01
 -6.37792023e+00 -1.38449165e+00 -1.20603105e+01
 -6.74042700e+00 -9.72022335e-01 -1.21701190e+01
 -5.32414321e+00 -3.69389968e+00 -1.19743541e+01
 -5.51324654e+00 -4.58912722e+00 -1.22648839e+01
 -5.62355682e+00 -5.11134329e+00 -1.24343596e+01
 -3.96078624e+00 -9.27715306e-01 -6.16331441e-01
 -3.86579966e+00 -1.87226892e+00 -4.73516793e-01
 -3.77081309e+00 -2.81682253e+00 -3.30702145e-01
 -3.71540425e+00 -3.36781214e+00 -2.47393601e-01
 -3.18130140e+00 -3.77626593e-01 -7.23129402e-01
 -2.40181657e+00  1.72462120e-01 -8.29927362e-01
 -1.94711709e+00  4.93347202e-01 -8.92226172e-01
 -4.83525764e+00 -5.33250407e-01 -6.52348129e-01
 -5.70972905e+00 -1.38785507e-01 -6.88364817e-01
 -6.21983737e+00  9.13190178e-02 -7.09374551e-01
  6.38130310e+00 -1.52597833e+00 -7.67896484e+00
  6.36440434e+00 -5.84687967e-01 -7.86681288e+00
  6.34750557e+00  3.56602397e-01 -8.05466091e+00
  6.33764796e+00  9.05688442e-01 -8.16423893e+00
  6.92150874e+00 -1.86238285e+00 -6.96020906e+00
  7.46171438e+00 -2.19878737e+00 -6.24145329e+00
  7.77683434e+00 -2.39502334e+00 -5.82217908e+00
  5.85799623e+00 -2.13086417e+00 -8.20987259e+00
  5.33468936e+00 -2.73575002e+00 -8.74078033e+00
  5.02942702e+00 -3.08860010e+00 -9.05047651e+00
 -4.17678365e+00  1.56584469e+00  5.39229387e+00
 -3.24585927e+00  1.43246877e+00  5.19944504e+00
 -2.31493489e+00  1.29909285e+00  5.00659621e+00
 -1.77189567e+00  1.22129024e+00  4.89410107e+00
 -4.69216229e+00  8.57004060e-01  5.78412268e+00
 -5.20754093e+00  1.48163433e-01  6.17595150e+00
 -5.50817847e+00 -2.65326933e-01  6.40451831e+00
 -4.59232938e+00  2.40806123e+00  5.19331387e+00
 -5.00787512e+00  3.25027777e+00  4.99433388e+00
 -5.25027679e+00  3.74157076e+00  4.87826222e+00
 -2.53452868e+00 -1.18153537e+01  3.05924297e-01
 -1.59554157e+00 -1.18282473e+01  5.05265614e-01
 -6.56554456e-01 -1.18411408e+01  7.04606930e-01
 -1.08811974e-01 -1.18486621e+01  8.20889364e-01
 -2.83106690e+00 -1.17385790e+01 -6.03894768e-01
 -3.12760513e+00 -1.16618044e+01 -1.51371383e+00
 -3.30058576e+00 -1.16170192e+01 -2.04444162e+00
 -3.17697757e+00 -1.18792348e+01  1.01640205e+00
 -3.81942645e+00 -1.19431159e+01  1.72687980e+00
 -4.19418830e+00 -1.19803799e+01  2.14132515e+00
 -2.36190790e+00  8.08674240e+00 -1.31838081e+00
 -2.89338581e+00  8.39921132e+00 -5.82517775e-01
 -3.42486371e+00  8.71168025e+00  1.53345262e-01
 -3.73489249e+00  8.89395378e+00  5.82598699e-01
 -2.67800158e+00  7.36455423e+00 -1.86622114e+00
 -2.99409527e+00  6.64236606e+00 -2.41406148e+00
 -3.17848325e+00  6.22108963e+00 -2.73363500e+00
 -1.51433631e+00  8.49646165e+00 -1.50640351e+00
 -6.66764720e-01  8.90618090e+00 -1.69442622e+00
 -1.72347960e-01  9.14518380e+00 -1.80410613e+00
  4.05092091e+00  2.04356369e+00  9.74424543e+00
  3.40742720e+00  2.68396076e+00  9.43214379e+00
  2.76393348e+00  3.32435783e+00  9.12004215e+00
  2.38856215e+00  3.69792278e+00  8.93798286e+00
  4.17800542e+00  1.91092640e+00  1.06865070e+01
  4.30508993e+00  1.77828911e+00  1.16287686e+01
  4.37922256e+00  1.70091735e+00  1.21784212e+01
  4.56733012e+00  1.53580392e+00  9.11408549e+00
  5.08373932e+00  1.02804414e+00  8.48392556e+00
  5.38497803e+00  7.31850939e-01  8.11633226e+00
  3.27018418e+00 -8.73189300e+00  1.95889596e+00
  3.02276645e+00 -7.80478064e+00  1.98800139e+00
  2.77534872e+00 -6.87766827e+00  2.01710682e+00
  2.63102171e+00 -6.33685272e+00  2.03408498e+00
  3.95810775e+00 -9.06359512e+00  2.54056156e+00
  4.64603131e+00 -9.39529725e+00  3.12222716e+00
  5.04732006e+00 -9.58879015e+00  3.46153210e+00
  2.82967835e+00 -9.32730325e+00  1.34812493e+00
  2.38917252e+00 -9.92271349e+00  7.37353894e-01
  2.13221079e+00 -1.02700361e+01  3.81070792e-01
 -1.51909012e+00  4.14509209e+00  7.85968701e-01
 -5.77526444e-01  4.18733564e+00  9.68378491e-01
  3.64037230e-01  4.22957918e+00  1.15078828e+00
  9.13282706e-01  4.25422125e+00  1.25719399e+00
 -2.12306300e+00  3.81311996e+00  1.45425851e+00
 -2.72703588e+00  3.48114782e+00  2.12254831e+00
 -3.07935339e+00  3.28749741e+00  2.51238403e+00
 -1.85668091e+00  4.43482069e+00 -6.47308922e-02
 -2.19427171e+00  4.72454928e+00 -9.15430486e-01
 -2.39119967e+00  4.89355762e+00 -1.41167192e+00
 -7.10825132e+00  4.53419084e+00  5.95487378e+00
 -6.63957300e+00  3.97015458e+00  6.57439274e+00
 -6.17089469e+00  3.40611833e+00  7.19391170e+00
 -5.89749900e+00  3.07709718e+00  7.55529776e+00
 -6.64566712e+00  4.90762740e+00  5.20110924e+00
 -6.18308292e+00  5.28106396e+00  4.44734469e+00
 -5.91324213e+00  5.49890195e+00  4.00764871e+00
 -8.03951384e+00  4.72479054e+00  6.08911937e+00
 -8.97077636e+00  4.91539023e+00  6.22336496e+00
 -9.51401283e+00  5.02657339e+00  6.30167489e+00
 -5.87806077e-01  6.91897980e+00  3.55674609e+00
 -1.54579579e+00  6.87356447e+00  3.59909175e+00
 -2.50378551e+00  6.82814913e+00  3.64143741e+00
 -3.06261284e+00  6.80165685e+00  3.66613904e+00
 -1.15207336e-01  7.57680404e+00  4.07203020e+00
  3.57391406e-01  8.23462827e+00  4.58731430e+00
  6.33074005e-01  8.61835907e+00  4.88789670e+00
 -1.02415104e-01  6.30657091e+00  2.99911633e+00
  3.82975868e-01  5.69416202e+00  2.44148657e+00
  6.66120603e-01  5.33692349e+00  2.11620255e+00
  7.51382815e+00  4.76939022e+00  5.30866689e-01
  6.92315655e+00  4.27276218e+00 -4.01566418e-02
  6.33248495e+00  3.77613413e+00 -6.11179973e-01
  5.98792651e+00  3.48643444e+00 -9.44276916e-01
  8.46327946e+00  4.72169822e+00  3.97196599e-01
  9.41273076e+00  4.67400622e+00  2.63526509e-01
  9.96657736e+00  4.64618589e+00  1.85552290e-01
  7.15504845e+00  5.31371026e+00  1.23556011e+00
  6.79626875e+00  5.85803030e+00  1.94025353e+00
  6.58698059e+00  6.17555033e+00  2.35132469e+00
  4.90268390e+00 -1.15904610e+01 -6.26233619e-01
  5.78018007e+00 -1.19470939e+01 -4.69985681e-01
  6.65767623e+00 -1.23037269e+01 -3.13737743e-01
  7.16954900e+00 -1.25117628e+01 -2.22593112e-01
  4.53127575e+00 -1.09462270e+01 -1.90940198e-02
  4.15986760e+00 -1.03019929e+01  5.88045579e-01
  3.94321285e+00 -9.92618974e+00  9.42210345e-01
  4.39659588e+00 -1.18780621e+01 -1.38962116e+00
  3.89050786e+00 -1.21656632e+01 -2.15300869e+00
  3.59528985e+00 -1.23334305e+01 -2.59831809e+00
 -8.75309673e+00  5.78690107e+00 -4.22216662e+00
 -8.70293074e+00  5.86645473e+00 -5.17754853e+00
 -8.65276475e+00  5.94600839e+00 -6.13293043e+00
 -8.62350125e+00  5.99241469e+00 -6.69023654e+00
 -8.21880767e+00  5.13244777e+00 -3.76628716e+00
 -7.68451861e+00  4.47799448e+00 -3.31040770e+00
 -7.37284999e+00  4.09623005e+00 -3.04447802e+00
 -9.33755179e+00  6.36180071e+00 -3.72266417e+00
 -9.92200684e+00  6.93670034e+00 -3.22316172e+00
 -1.02629390e+01  7.27205847e+00 -2.93178529e+00
