 8.53315142e+00  4.44138721e+00 -7.53575292e+00
  9.39391551e+00  4.76160533e+00 -7.81529817e+00
  1.02546796e+01  5.08182344e+00 -8.09484342e+00
  1.07567920e+01  5.26861734e+00 -8.25791148e+00
  8.42142815e+00  4.06891792e+00 -6.65803739e+00
  8.30970488e+00  3.69644863e+00 -5.78032187e+00
  8.24453297e+00  3.47917487e+00 -5.26832115e+00
  7.78411061e+00  4.49363839e+00 -8.13392319e+00
  7.03506979e+00  4.54588956e+00 -8.73209346e+00
  6.59812932e+00  4.57636942e+00 -9.08102612e+00
  9.79925698e+00 -8.97595149e+00  8.23785454e+00
  9.74206097e+00 -8.02002244e+00  8.30514692e+00
  9.68486497e+00 -7.06409339e+00  8.37243929e+00
  9.65150063e+00 -6.50646811e+00  8.41169318e+00
  9.75750857e+00 -9.39993379e+00  7.37756617e+00
  9.71576017e+00 -9.82391609e+00  6.51727780e+00
  9.69140693e+00 -1.00712391e+01  6.01544291e+00
  9.89820139e+00 -9.50789825e+00  9.03085054e+00
  9.99714580e+00 -1.00398450e+01  9.82384654e+00
  1.00548634e+01 -1.03501473e+01  1.02864275e+01
 -4.96107728e+00  1.18473902e-01 -8.03278980e+00
 -5.53488866e+00  8.74392159e-01 -7.88812434e+00
 -6.10870004e+00  1.63031042e+00 -7.74345889e+00
 -6.44342334e+00  2.07126273e+00 -7.65907071e+00
 -5.33298059e+00 -7.65622085e-01 -8.07356008e+00
 -5.70488390e+00 -1.64971807e+00 -8.11433036e+00
 -5.92182750e+00 -2.16544073e+00 -8.13811303e+00
 -4.01536260e+00  2.46651632e-01 -8.13668497e+00
 -3.06964792e+00  3.74829362e-01 -8.24058015e+00
 -2.51798102e+00  4.49599705e-01 -8.30118567e+00
  1.09122482e+01 -7.07137839e+00 -1.16570374e+01
  1.02699117e+01 -6.67053719e+00 -1.22472324e+01
  9.62757510e+00 -6.26969599e+00 -1.28374273e+01
  9.25287878e+00 -6.03587195e+00 -1.31817077e+01
  1.07054398e+01 -7.89610342e+00 -1.12113257e+01
  1.04986315e+01 -8.72082846e+00 -1.07656140e+01
  1.03779933e+01 -9.20191806e+00 -1.05056155e+01
  1.17613931e+01 -6.64749455e+00 -1.15125542e+01
  1.26105380e+01 -6.22361072e+00 -1.13680709e+01
  1.31058726e+01 -5.97634515e+00 -1.12837890e+01
  7.57855255e+00  2.32723155e+00  6.75188702e+00
  7.25759276e+00  3.11530223e+00  7.19632983e+00
  6.93663296e+00  3.90337292e+00  7.64077263e+00
  6.74940642e+00  4.36308082e+00  7.90003094e+00
  8.06671494e+00  2.40541971e+00  5.92897506e+00
  8.55487732e+00  2.48360787e+00  5.10606310e+00
  8.83963871e+00  2.52921764e+00  4.62603112e+00
  7.41134996e+00  1.46097270e+00  7.13035618e+00
  7.24414737e+00  5.94713854e-01  7.50882534e+00
  7.14661252e+00  8.93961935e-02  7.72959901e+00
  9.96331331e+00  1.17134563e+01  1.11060895e+01
  1.00868203e+01  1.24030720e+01  1.17624249e+01
  1.02103272e+01  1.30926877e+01  1.24187604e+01
  1.02823729e+01  1.34949635e+01  1.28016227e+01
  1.03500669e+01  1.08455619e+01  1.12431334e+01
  1.07368206e+01  9.97766761e+00  1.13801774e+01
  1.09624269e+01  9.47139591e+00  1.14601197e+01
  9.45305272e+00  1.18917349e+01  1.03127101e+01
  8.94279213e+00  1.20700135e+01  9.51933070e+00
  8.64514012e+00  1.21740094e+01  9.05652606e+00
  1.95774500e+00 -1.27805792e+01 -8.53391479e+00
  2.42742878e+00 -1.25275623e+01 -9.33202482e+00
  2.89711256e+00 -1.22745454e+01 -1.01301348e+01
  3.17109477e+00 -1.21269523e+01 -1.05956990e+01
  1.09608885e+00 -1.31992092e+01 -8.59634526e+00
  2.34432705e-01 -1.36178393e+01 -8.65877572e+00
 -2.68200049e-01 -1.38620401e+01 -8.69519349e+00
  2.34971737e+00 -1.26149660e+01 -7.67337430e+00
  2.74168974e+00 -1.24493528e+01 -6.81283381e+00
  2.97034029e+00 -1.23527451e+01 -6.31085186e+00
 -9.02620790e+00 -9.62829956e+00 -6.03144717e+00
 -8.49707836e+00 -1.02410625e+01 -6.54733818e+00
 -7.96794881e+00 -1.08538254e+01 -7.06322919e+00
 -7.65928991e+00 -1.12112704e+01 -7.36416561e+00
 -8.59751855e+00 -8.99074022e+00 -5.45582271e+00
 -8.16882919e+00 -8.35318088e+00 -4.88019824e+00
 -7.91876040e+00 -7.98127127e+00 -4.54441730e+00
 -9.98402681e+00 -9.65309599e+00 -6.09118062e+00
 -1.09418457e+01 -9.67789242e+00 -6.15091408e+00
 -1.15005734e+01 -9.69235700e+00 -6.18575859e+00
 -6.80742375e+00 -1.07028291e+01  9.98727664e+00
 -6.31757596e+00 -1.11072677e+01  9.26749989e+00
 -5.82772817e+00 -1.15117063e+01  8.54772315e+00
 -5.54198362e+00 -1.17476288e+01  8.12785338e+00
 -6.48744454e+00 -1.07807474e+01  1.08890205e+01
 -6.16746532e+00 -1.08586657e+01  1.17907644e+01
 -5.98081078e+00 -1.09041180e+01  1.23167817e+01
 -7.61725076e+00 -1.02204722e+01  9.80530949e+00
 -8.42707777e+00 -9.73811532e+00  9.62334234e+00
 -8.89947686e+00 -9.45674047e+00  9.51719484e+00
 -8.37816135e+00  1.15633580e+01  3.70370480e-01
 -7.47375893e+00  1.14594274e+01  6.56498192e-02
 -6.56935650e+00  1.13554968e+01 -2.39070842e-01
 -6.04178842e+00  1.12948706e+01 -4.16824561e-01
 -9.06507461e+00  1.09777356e+01  4.35731008e-02
 -9.75198787e+00  1.03921131e+01 -2.83224279e-01
 -1.01526873e+01  1.00505000e+01 -4.73856083e-01
 -8.59565051e+00  1.22529111e+01  1.00188852e+00
 -8.81313968e+00  1.29424642e+01  1.63340656e+00
 -8.94000836e+00  1.33447034e+01  2.00179209e+00
  1.63592653e-01  7.11248848e+00 -4.64084950e+00
  6.39849364e-01  7.92270127e+00 -4.44505678e+00
  1.11610608e+00  8.73291405e+00 -4.24926406e+00
  1.39392249e+00  9.20553817e+00 -4.13505164e+00
 -7.32128605e-02  6.90193478e+00 -5.54704500e+00
 -3.10018374e-01  6.69138107e+00 -6.45324050e+00
 -4.48154923e-01  6.56855808e+00 -6.98185454e+00
 -7.58585457e-02  6.51282940e+00 -3.93044672e+00
 -3.15309744e-01  5.91317032e+00 -3.22004394e+00
 -4.54989610e-01  5.56336919e+00 -2.80564231e+00
 -1.21864509e+01  1.09997035e+01 -3.08472859e+00
 -1.24288791e+01  1.02064730e+01 -2.60139242e+00
 -1.26713073e+01  9.41324241e+00 -2.11805626e+00
 -1.28127238e+01  8.95052458e+00 -1.83611017e+00
 -1.28668154e+01  1.15385231e+01 -3.49506694e+00
 -1.35471800e+01  1.20773427e+01 -3.90540529e+00
 -1.39440593e+01  1.23916542e+01 -4.14476933e+00
 -1.12636582e+01  1.12541145e+01 -3.15772640e+00
 -1.03408655e+01  1.15085255e+01 -3.23072421e+00
 -9.80256976e+00  1.16569319e+01 -3.27330626e+00
  8.31937979e-01  1.16191870e+01 -7.08190743e-01
 -1.72486440e-02  1.18145968e+01 -3.05329620e-01
 -8.66435267e-01  1.20100067e+01  9.75315027e-02
 -1.36179413e+00  1.21239957e+01  3.32533824e-01
  9.42769727e-01  1.17013211e+01 -1.65822775e+00
  1.05360148e+00  1.17834553e+01 -2.60826475e+00
  1.11825333e+00  1.18313668e+01 -3.16245300e+00
  1.57029285e+00  1.13416431e+01 -1.61014861e-01
  2.30864773e+00  1.10640992e+01  3.86161021e-01
  2.73935474e+00  1.09021985e+01  7.05346952e-01
 -8.50409450e+00  2.64920669e+00 -2.85500894e+00
 -8.96945584e+00  3.19272795e+00 -2.21499062e+00
 -9.43481718e+00  3.73624922e+00 -1.57497230e+00
 -9.70627797e+00  4.05330329e+00 -1.20162828e+00
 -8.45704831e+00  2.92355837e+00 -3.77376779e+00
 -8.41000212e+00  3.19791005e+00 -4.69252663e+00
 -8.38255851e+00  3.35794853e+00 -5.22846929e+00
 -8.08577934e+00  1.83133375e+00 -2.57626842e+00
 -7.66746418e+00  1.01346080e+00 -2.29752791e+00
 -7.42344701e+00  5.36368253e-01 -2.13492927e+00
  1.42905821e+00  3.84294937e+00 -1.14915704e+01
  1.14154812e+00  4.35090478e+00 -1.07293898e+01
  8.54038034e-01  4.85886019e+00 -9.96720922e+00
  6.86323815e-01  5.15516752e+00 -9.52260388e+00
  9.77859393e-01  3.02784025e+00 -1.17231233e+01
  5.26660574e-01  2.21273113e+00 -1.19546762e+01
  2.63461262e-01  1.73725081e+00 -1.20897487e+01
  2.16776712e+00  4.15010308e+00 -1.20221981e+01
  2.90647603e+00  4.45725680e+00 -1.25528258e+01
  3.33738956e+00  4.63642980e+00 -1.28623586e+01
 -1.75054195e+00  1.01646144e+01 -6.66147889e+00
 -1.69990749e+00  1.09882057e+01 -7.15212486e+00
 -1.64927303e+00  1.18117971e+01 -7.64277083e+00
 -1.61973627e+00  1.22922253e+01 -7.92898098e+00
 -2.44094432e+00  1.00376815e+01 -6.00662577e+00
 -3.13134670e+00  9.91074867e+00 -5.35177266e+00
 -3.53408142e+00  9.83670450e+00 -4.96977500e+00
 -1.11077403e+00  9.46795593e+00 -6.82568604e+00
 -4.71006107e-01  8.77129746e+00 -6.98989318e+00
 -9.78081532e-02  8.36491335e+00 -7.08568068e+00
  1.13291633e+01  6.64453375e+00 -6.11579513e+00
  1.14621592e+01  6.62611711e+00 -5.16523062e+00
  1.15951552e+01  6.60770048e+00 -4.21466610e+00
  1.16727362e+01  6.59695744e+00 -3.66017013e+00
  1.20065339e+01  6.29940974e+00 -6.70201898e+00
  1.26839046e+01  5.95428573e+00 -7.28824283e+00
  1.30790375e+01  5.75296339e+00 -7.63020674e+00
  1.05187966e+01  7.00807440e+00 -6.48013581e+00
  9.70843000e+00  7.37161504e+00 -6.84447648e+00
  9.23571613e+00  7.58368042e+00 -7.05700853e+00
  1.66998930e+00  9.46350153e+00  7.75553782e+00
  7.18141538e-01  9.56430626e+00  7.68188835e+00
 -2.33706225e-01  9.66511098e+00  7.60823888e+00
 -7.88950753e-01  9.72391373e+00  7.56527669e+00
  2.11365606e+00  8.74638993e+00  7.29672331e+00
  2.55732281e+00  8.02927832e+00  6.83790880e+00
  2.81612842e+00  7.61096322e+00  6.57026700e+00
  2.17817031e+00  1.00798084e+01  8.28800180e+00
  2.68635132e+00  1.06961153e+01  8.82046577e+00
  2.98279024e+00  1.10556276e+01  9.13106976e+00
 -1.13154075e+01  6.03190463e+00 -1.53277457e+00
 -1.19048355e+01  6.56438208e+00 -9.93661922e-01
 -1.24942635e+01  7.09685953e+00 -4.54549275e-01
 -1.28380964e+01  7.40747137e+00 -1.40066898e-01
 -1.12077835e+01  5.09644084e+00 -1.34589341e+00
 -1.11001594e+01  4.16097705e+00 -1.15901225e+00
 -1.10373787e+01  3.61528985e+00 -1.04999824e+00
 -1.08336036e+01  6.43489097e+00 -2.25876837e+00
 -1.03517997e+01  6.83787730e+00 -2.98476218e+00
 -1.00707474e+01  7.07295267e+00 -3.40825857e+00
  5.83181732e+00  5.95876213e+00  8.79980666e+00
  5.23836022e+00  5.21994697e+00  8.64631132e+00
  4.64490311e+00  4.48113181e+00  8.49281598e+00
  4.29871980e+00  4.05015630e+00  8.40327703e+00
  6.71156568e+00  5.80283928e+00  9.15099165e+00
  7.59131403e+00  5.64691642e+00  9.50217663e+00
  8.10450058e+00  5.55596142e+00  9.70703454e+00
  5.54552607e+00  6.85350015e+00  8.60211702e+00
  5.25923482e+00  7.74823818e+00  8.40442738e+00
  5.09223159e+00  8.27016869e+00  8.28910842e+00
 -3.38090051e+00 -5.56035746e+00 -1.14681201e+01
 -4.12372939e+00 -5.70007747e+00 -1.20599677e+01
 -4.86655826e+00 -5.83979748e+00 -1.26518152e+01
 -5.29987511e+00 -5.92130082e+00 -1.29970597e+01
 -3.52252405e+00 -5.16377408e+00 -1.06054125e+01
 -3.66414758e+00 -4.76719071e+00 -9.74270486e+00
 -3.74676131e+00 -4.53585040e+00 -9.23945876e+00
 -2.49644809e+00 -5.81722082e+00 -1.17389801e+01
 -1.61199568e+00 -6.07408419e+00 -1.20098401e+01
 -1.09606511e+00 -6.22392115e+00 -1.21678417e+01
 -3.59934629e+00  1.23640110e+01 -3.70717281e-01
 -4.50838828e+00  1.25303182e+01 -1.10746976e-01
 -5.41743028e+00  1.26966254e+01  1.49223330e-01
 -5.94770478e+00  1.27936379e+01  3.00872675e-01
 -2.94087598e+00  1.30572146e+01 -2.84198164e-01
 -2.28240567e+00  1.37504183e+01 -1.97679047e-01
 -1.89829799e+00  1.41547870e+01 -1.47209562e-01
 -3.34877460e+00  1.15045001e+01 -7.17206704e-01
 -3.09820290e+00  1.06449893e+01 -1.06369613e+00
 -2.95203609e+00  1.01436079e+01 -1.26581496e+00
  5.19074788e+00  3.42589055e-02 -4.56736399e+00
  4.66056041e+00  3.16009897e-01 -5.31644184e+00
  4.13037295e+00  5.97760888e-01 -6.06551970e+00
  3.82109692e+00  7.62115633e-01 -6.50248178e+00
  6.03149155e+00  4.61026276e-01 -4.38675477e+00
  6.87223522e+00  8.87793646e-01 -4.20614554e+00
  7.36266903e+00  1.13674128e+00 -4.10079015e+00
  4.88019168e+00 -6.74259456e-01 -3.99889537e+00
  4.56963548e+00 -1.38277782e+00 -3.43042674e+00
  4.38847769e+00 -1.79608020e+00 -3.09882005e+00
  1.21894244e+01 -3.00895324e+00 -6.97331368e+00
  1.25642242e+01 -3.86336125e+00 -6.74723392e+00
  1.29390240e+01 -4.71776927e+00 -6.52115416e+00
  1.31576572e+01 -5.21617394e+00 -6.38927430e+00
  1.19108678e+01 -2.83027497e+00 -7.87446867e+00
  1.16323112e+01 -2.65159670e+00 -8.77562366e+00
  1.14698199e+01 -2.54736771e+00 -9.30129740e+00
  1.20931811e+01 -2.33322350e+00 -6.29823846e+00
  1.19969379e+01 -1.65749375e+00 -5.62316324e+00
  1.19407961e+01 -1.26331807e+00 -5.22936936e+00
 -1.22055890e+01 -8.23550223e+00  1.71761598e+00
 -1.19261508e+01 -7.33070290e+00  1.55996933e+00
 -1.16467126e+01 -6.42590357e+00  1.40232268e+00
 -1.14837070e+01 -5.89810396e+00  1.31036214e+00
 -1.16504145e+01 -8.96562169e+00  1.43423124e+00
 -1.10952401e+01 -9.69574115e+00  1.15084649e+00
 -1.07713883e+01 -1.01216442e+01  9.85538728e-01
 -1.30402016e+01 -8.41018211e+00  2.15864737e+00
 -1.38748143e+01 -8.58486198e+00  2.59967876e+00
 -1.43616716e+01 -8.68675858e+00  2.85694707e+00
 -4.17383017e+00  6.54845814e+00  5.97835511e+00
 -4.94506811e+00  6.06721920e+00  6.28690189e+00
 -5.71630606e+00  5.58598026e+00  6.59544866e+00
 -6.16619486e+00  5.30525754e+00  6.77543428e+00
 -3.35022326e+00  6.50082035e+00  6.46927497e+00
 -2.52661635e+00  6.45318255e+00  6.96019482e+00
 -2.04617899e+00  6.42539384e+00  7.24656474e+00
 -4.22619913e+00  7.07733488e+00  5.17888849e+00
 -4.27856809e+00  7.60621161e+00  4.37942186e+00
 -4.30911665e+00  7.91472304e+00  3.91306632e+00
  1.19953008e+01 -2.09170592e+00 -9.11689978e-01
  1.28003030e+01 -2.55879131e+00 -6.76312293e-01
  1.36053052e+01 -3.02587669e+00 -4.40934607e-01
  1.40748899e+01 -3.29834316e+00 -3.03630957e-01
  1.16273872e+01 -2.18367076e+00 -1.79360951e+00
  1.12594736e+01 -2.27563560e+00 -2.67552905e+00
  1.10448574e+01 -2.32928175e+00 -3.18998211e+00
  1.15582121e+01 -1.53265570e+00 -2.65148129e-01
  1.11211235e+01 -9.73605484e-01  3.81393721e-01
  1.08661551e+01 -6.47492856e-01  7.58543133e-01
  5.73226258e+00  6.44898982e+00 -1.18947584e+01
  4.82844067e+00  6.76528767e+00 -1.18264822e+01
  3.92461877e+00  7.08158551e+00 -1.17582060e+01
  3.39738932e+00  7.26609259e+00 -1.17183783e+01
  6.22181655e+00  6.21978434e+00 -1.11014099e+01
  6.71137051e+00  5.99057886e+00 -1.03080615e+01
  6.99694366e+00  5.85687566e+00 -9.84527490e+00
  6.14653052e+00  6.36189746e+00 -1.27563830e+01
  6.56079846e+00  6.27480510e+00 -1.36180076e+01
  6.80245475e+00  6.22400122e+00 -1.41206220e+01
 -5.44192967e+00  6.63279304e+00 -1.20639211e+01
 -5.70044021e+00  5.81667668e+00 -1.24983476e+01
 -5.95895074e+00  5.00056032e+00 -1.29327742e+01
 -6.10974856e+00  4.52449245e+00 -1.31861896e+01
 -5.46346673e+00  7.46173378e+00 -1.25476498e+01
 -5.48500379e+00  8.29067453e+00 -1.30313784e+01
 -5.49756708e+00  8.77422329e+00 -1.33135535e+01
 -5.16188208e+00  6.61996865e+00 -1.11457660e+01
 -4.88183448e+00  6.60714427e+00 -1.02276108e+01
 -4.71847338e+00  6.59966337e+00 -9.69202033e+00
 -2.23700718e+00  5.89826839e+00  1.09993362e+01
 -2.25552944e+00  6.84803767e+00  1.11378831e+01
 -2.27405169e+00  7.79780694e+00  1.12764300e+01
 -2.28485634e+00  8.35183902e+00  1.13572490e+01
 -1.56960063e+00  5.50925375e+00  1.04293922e+01
 -9.02194089e-01  5.12023911e+00  9.85944827e+00
 -5.12873604e-01  4.89331390e+00  9.52698096e+00
 -2.88589147e+00  5.33751375e+00  1.14307332e+01
 -3.53477576e+00  4.77675911e+00  1.18621303e+01
 -3.91329159e+00  4.44965224e+00  1.21137786e+01
  5.52078167e+00 -8.56164774e+00  1.24671926e+00
  4.89779537e+00 -8.22697894e+00  1.89593792e+00
  4.27480907e+00 -7.89231014e+00  2.54515658e+00
  3.91140040e+00 -7.69708668e+00  2.92386747e+00
  6.45836078e+00 -8.37894648e+00  1.34245669e+00
  7.39593989e+00 -8.19624522e+00  1.43819412e+00
  7.94286104e+00 -8.08966948e+00  1.49404096e+00
  5.20618885e+00 -9.07901780e+00  5.01763165e-01
  4.89159603e+00 -9.59638786e+00 -2.43192929e-01
  4.70808356e+00 -9.89818706e+00 -6.77750651e-01
  1.10946429e+01  6.06042166e+00  1.21482488e-01
  1.14356707e+01  5.21242657e+00 -1.72123296e-01
  1.17766986e+01  4.36443149e+00 -4.65729079e-01
  1.19756315e+01  3.86976769e+00 -6.36999120e-01
  1.13959225e+01  6.43769154e+00  9.51240325e-01
  1.16972020e+01  6.81496143e+00  1.78099816e+00
  1.18729484e+01  7.03503553e+00  2.26502357e+00
  1.04523355e+01  6.53114685e+00 -4.14669566e-01
  9.81002816e+00  7.00187205e+00 -9.50821621e-01
  9.43534886e+00  7.27646175e+00 -1.26357699e+00
 -9.83720394e+00 -1.07384903e+01  1.02749849e+01
 -1.02574861e+01 -9.92047423e+00  1.05503259e+01
 -1.06777683e+01 -9.10245820e+00  1.08256669e+01
 -1.09229329e+01 -8.62528218e+00  1.09862825e+01
 -9.52241674e+00 -1.13618120e+01  1.09337558e+01
 -9.20762954e+00 -1.19851337e+01  1.15925266e+01
 -9.02400367e+00 -1.23487381e+01  1.19768096e+01
 -9.73170896e+00 -1.09331846e+01  9.34087307e+00
 -9.62621399e+00 -1.11278788e+01  8.40676123e+00
 -9.56467525e+00 -1.12414505e+01  7.86186265e+00
  1.92086905e+00 -9.64486888e+00  7.79755651e+00
  1.40469115e+00 -8.86468152e+00  8.01312103e+00
  8.88513250e-01 -8.08449416e+00  8.22868556e+00
  5.87409476e-01 -7.62938487e+00  8.35443153e+00
  1.58023358e+00 -1.02878383e+01  7.17133145e+00
  1.23959811e+00 -1.09308077e+01  6.54510638e+00
  1.04089408e+00 -1.13058732e+01  6.17980843e+00
  2.77768242e+00 -9.78208684e+00  8.20821705e+00
  3.63449579e+00 -9.91930480e+00  8.61887759e+00
  4.13430359e+00 -9.99934861e+00  8.85842957e+00
  6.42910193e-01 -9.86763248e+00 -9.74302053e+00
  1.18679296e+00 -9.43448946e+00 -1.04049712e+01
  1.73067572e+00 -9.00134645e+00 -1.10669218e+01
  2.04794066e+00 -8.74867969e+00 -1.14530597e+01
  1.01037509e+00 -1.00751289e+01 -8.88074750e+00
  1.37783999e+00 -1.02826253e+01 -8.01847447e+00
  1.59219452e+00 -1.04036649e+01 -7.51548187e+00
 -2.68437469e-01 -1.00932791e+01 -9.94334291e+00
 -1.17978513e+00 -1.03189257e+01 -1.01436653e+01
 -1.71140460e+00 -1.04505528e+01 -1.02605200e+01
 -5.48227553e+00  8.98795835e+00 -9.98480131e+00
 -6.07474448e+00  8.45170896e+00 -9.45280775e+00
 -6.66721343e+00  7.91545958e+00 -8.92081420e+00
 -7.01282032e+00  7.60264744e+00 -8.61048463e+00
 -4.53551548e+00  8.83215571e+00 -9.95364140e+00
 -3.58875542e+00  8.67635308e+00 -9.92248150e+00
 -3.03647872e+00  8.58546821e+00 -9.90430488e+00
 -5.83656663e+00  9.68001037e+00 -1.05479548e+01
 -6.19085774e+00  1.03720624e+01 -1.11111082e+01
 -6.39752755e+00  1.07757594e+01 -1.14396144e+01
 -9.83187327e+00 -2.40550796e+00 -1.00261744e+01
 -9.80505921e+00 -2.03006042e+00 -9.14304350e+00
 -9.77824514e+00 -1.65461289e+00 -8.25991262e+00
 -9.76260361e+00 -1.43560183e+00 -7.74475294e+00
 -9.79508312e+00 -1.83006517e+00 -1.07937108e+01
 -9.75829297e+00 -1.25462238e+00 -1.15612471e+01
 -9.73683205e+00 -9.18947415e-01 -1.20089767e+01
 -9.89547747e+00 -3.35639829e+00 -1.01417689e+01
 -9.95908168e+00 -4.30728861e+00 -1.02573634e+01
 -9.99618413e+00 -4.86197464e+00 -1.03247935e+01
 -1.04098919e+00 -8.33270872e+00  3.92487143e-01
 -1.04509263e+00 -9.16258195e+00  8.75077634e-01
 -1.04919607e+00 -9.99245518e+00  1.35766813e+00
 -1.05158974e+00 -1.04765479e+01  1.63917925e+00
 -1.44340892e+00 -7.55113383e+00  7.78231940e-01
 -1.84582866e+00 -6.76955894e+00  1.16397674e+00
 -2.08057351e+00 -6.31364026e+00  1.38899454e+00
 -6.34466005e-01 -8.28441038e+00 -4.75848146e-01
 -2.27942825e-01 -8.23611204e+00 -1.34418344e+00
  9.19569686e-03 -8.20793800e+00 -1.85071235e+00
  8.95875569e+00 -5.50415520e+00  3.23934615e+00
  8.56093981e+00 -4.87029759e+00  3.84065061e+00
  8.16312393e+00 -4.23643997e+00  4.44195506e+00
  7.93106467e+00 -3.86668970e+00  4.79271600e+00
  8.43325962e+00 -6.22561923e+00  2.88587262e+00
  7.90776356e+00 -6.94708326e+00  2.53239909e+00
  7.60122418e+00 -7.36793728e+00  2.32620620e+00
  9.88206763e+00 -5.41654879e+00  2.99151522e+00
  1.08053796e+01 -5.32894237e+00  2.74368429e+00
  1.13439782e+01 -5.27783863e+00  2.59911625e+00
  4.60371712e+00 -6.24053105e+00  4.41849588e+00
  4.92710956e+00 -5.38056143e+00  4.14016230e+00
  5.25050200e+00 -4.52059181e+00  3.86182872e+00
  5.43914759e+00 -4.01894286e+00  3.69946746e+00
  3.65966276e+00 -6.39568568e+00  4.49779528e+00
  2.71560839e+00 -6.55084031e+00  4.57709469e+00
  2.16491001e+00 -6.64134717e+00  4.62335268e+00
  5.22437905e+00 -6.94534604e+00  4.61753005e+00
  5.84504098e+00 -7.65016103e+00  4.81656422e+00
  6.20709377e+00 -8.06130311e+00  4.93266749e+00
 -9.07518247e+00  6.36274217e+00  1.72104952e+00
 -8.25006674e+00  6.74703391e+00  1.41592020e+00
 -7.42495102e+00  7.13132565e+00  1.11079088e+00
 -6.94363351e+00  7.35549583e+00  9.32798779e-01
 -9.66678354e+00  5.93752265e+00  1.09591231e+00
 -1.02583846e+01  5.51230313e+00  4.70775093e-01
 -1.06034852e+01  5.26425842e+00  1.06111718e-01
 -9.30869712e+00  6.40366995e+00  2.65131605e+00
 -9.54221178e+00  6.44459773e+00  3.58158259e+00
 -9.67842866e+00  6.46847227e+00  4.12423806e+00
 -3.03031624e+00  1.23447466e+01  9.81740180e+00
 -3.61370530e+00  1.28888763e+01  1.03514243e+01
 -4.19709436e+00  1.34330061e+01  1.08854467e+01
 -4.53740465e+00  1.37504151e+01  1.11969598e+01
 -2.52652099e+00  1.27399911e+01  9.10215909e+00
 -2.02272575e+00  1.31352356e+01  8.38691639e+00
 -1.72884520e+00  1.33657949e+01  7.96969148e+00
 -2.95072241e+00  1.14053723e+01  9.99862203e+00
 -2.87112859e+00  1.04659980e+01  1.01798423e+01
 -2.82469886e+00  9.91802966e+00  1.02855541e+01
  1.05168895e+00 -5.61538102e+00 -6.41935731e+00
  5.20198320e-01 -4.85639842e+00 -6.67048103e+00
 -1.12923123e-02 -4.09741582e+00 -6.92160475e+00
 -3.21328514e-01 -3.65467597e+00 -7.06809359e+00
  1.95688327e+00 -5.49115638e+00 -6.12475336e+00
  2.86207758e+00 -5.36693174e+00 -5.83014940e+00
  3.39010760e+00 -5.29446737e+00 -5.65829710e+00
  6.77985267e-01 -6.49858826e+00 -6.46283754e+00
  3.04281583e-01 -7.38179549e+00 -6.50631778e+00
  8.62877677e-02 -7.89699972e+00 -6.53168125e+00
 -6.98296804e+00  9.29903788e+00  7.68463967e+00
 -7.40248959e+00  9.11885771e+00  8.52911393e+00
 -7.82201113e+00  8.93867754e+00  9.37358820e+00
 -8.06673203e+00  8.83357244e+00  9.86619818e+00
 -6.22297669e+00  8.78272774e+00  7.40636464e+00
 -5.46298534e+00  8.26641761e+00  7.12808961e+00
 -5.01965705e+00  7.96523670e+00  6.96576251e+00
 -7.32343785e+00  9.99552818e+00  7.11844044e+00
 -7.66390765e+00  1.06920185e+01  6.55224121e+00
 -7.86251504e+00  1.10983045e+01  6.22195832e+00
  8.57223106e+00  1.29039092e+01 -3.97160431e+00
  9.31843325e+00  1.23245956e+01 -4.14242018e+00
  1.00646354e+01  1.17452820e+01 -4.31323605e+00
  1.04999201e+01  1.14073491e+01 -4.41287864e+00
  8.14427474e+00  1.33623960e+01 -4.69840775e+00
  7.71631842e+00  1.38208828e+01 -5.42521120e+00
  7.46667724e+00  1.40883334e+01 -5.84917988e+00
  8.25398518e+00  1.30247360e+01 -3.07398498e+00
  7.93573930e+00  1.31455628e+01 -2.17636566e+00
  7.75009587e+00  1.32160451e+01 -1.65275439e+00
 -9.86949854e-01  9.75448099e+00  7.19166628e-01
 -7.12010473e-01  9.02025148e+00  1.65167212e-01
 -4.37071092e-01  8.28602196e+00 -3.88832203e-01
 -2.76689786e-01  7.85772141e+00 -7.11998529e-01
 -1.90590563e+00  9.83816932e+00  9.83961908e-01
 -2.82486141e+00  9.92185764e+00  1.24875719e+00
 -3.36091895e+00  9.97067582e+00  1.40322110e+00
 -3.42933456e-01  1.04050222e+01  1.00837076e+00
  3.01082941e-01  1.10555634e+01  1.29757490e+00
  6.76759174e-01  1.14350457e+01  1.46627731e+00
  8.44534752e+00 -4.58604752e+00 -7.91133667e+00
  9.33397498e+00 -4.35212982e+00 -8.18922826e+00
  1.02226025e+01 -4.11821213e+00 -8.46711985e+00
  1.07409685e+01 -3.98176015e+00 -8.62922328e+00
  7.68674451e+00 -4.18087297e+00 -8.33789858e+00
  6.92814151e+00 -3.77569842e+00 -8.76446050e+00
  6.48562309e+00 -3.53934660e+00 -9.01328828e+00
  8.31532305e+00 -5.22513976e+00 -7.20688316e+00
  8.18529859e+00 -5.86423200e+00 -6.50242965e+00
  8.10945098e+00 -6.23703581e+00 -6.09149844e+00
  9.17107512e+00  1.50398669e+00 -9.96229688e+00
  9.17876399e+00  5.67404509e-01 -9.75169133e+00
  9.18645287e+00 -3.69177675e-01 -9.54108579e+00
  9.19093805e+00 -9.15517281e-01 -9.41823256e+00
  8.42576446e+00  2.04897834e+00 -9.69943546e+00
  7.68045380e+00  2.59397000e+00 -9.43657405e+00
  7.24568925e+00  2.91188179e+00 -9.28323823e+00
  9.90869690e+00  1.89557722e+00 -1.04357638e+01
  1.06463187e+01  2.28716775e+00 -1.09092308e+01
  1.10765981e+01  2.51559556e+00 -1.11854199e+01
  7.73990777e+00  1.07913976e+01 -1.04293419e+01
  7.62233095e+00  1.03608613e+01 -9.57939242e+00
  7.50475413e+00  9.93032495e+00 -8.72944292e+00
  7.43616766e+00  9.67917875e+00 -8.23363904e+00
  8.28165667e+00  1.03783919e+01 -1.11057549e+01
  8.82340557e+00  9.96538628e+00 -1.17821678e+01
  9.13942576e+00  9.72446631e+00 -1.21767420e+01
  7.31573568e+00  1.16349396e+01 -1.06028785e+01
  6.89156360e+00  1.24784816e+01 -1.07764151e+01
  6.64412988e+00  1.29705478e+01 -1.08776447e+01
 -1.42702432e+00 -5.57841445e+00  3.23134280e+00
 -2.26237108e+00 -6.05121750e+00  3.24725097e+00
 -3.09771784e+00 -6.52402055e+00  3.26315915e+00
 -3.58500345e+00 -6.79982233e+00  3.27243892e+00
 -1.03358511e+00 -5.32715291e+00  2.39249047e+00
 -6.40145906e-01 -5.07589137e+00  1.55363814e+00
 -4.10639702e-01 -4.92932214e+00  1.06430761e+00
 -9.85116773e-01 -5.35687294e+00  4.05428695e+00
 -5.43209223e-01 -5.13533143e+00  4.87723110e+00
 -2.85429819e-01 -5.00609888e+00  5.35728185e+00
 -3.71678784e+00 -5.96966915e-01  2.62090663e+00
 -2.82679561e+00 -6.92784692e-01  2.27401648e+00
 -1.93680337e+00 -7.88602468e-01  1.92712634e+00
 -1.41764123e+00 -8.44496171e-01  1.72477375e+00
 -3.87346163e+00 -6.63512260e-01  3.56569499e+00
 -4.03013542e+00 -7.30057605e-01  4.51048335e+00
 -4.12152846e+00 -7.68875723e-01  5.06160989e+00
 -4.45010629e+00 -4.34603794e-01  2.02300842e+00
 -5.18342474e+00 -2.72240672e-01  1.42511021e+00
 -5.61119383e+00 -1.77528851e-01  1.07633626e+00
  2.29737726e+00  1.09010637e+00 -2.68997113e+00
  1.84710882e+00  6.76902138e-01 -3.43032280e+00
  1.39684039e+00  2.63697903e-01 -4.17067447e+00
  1.13418380e+00  2.26620998e-02 -4.60254628e+00
  2.11267912e+00  2.00514404e+00 -2.46593394e+00
  1.92798097e+00  2.92018171e+00 -2.24189675e+00
  1.82024039e+00  3.45395368e+00 -2.11120840e+00
  2.93234384e+00  5.88272938e-01 -2.17365664e+00
  3.56731042e+00  8.64395037e-02 -1.65734216e+00
  3.93770759e+00 -2.06296666e-01 -1.35615871e+00
 -1.59984165e+00 -1.14589111e+01 -2.85937632e+00
 -1.72608757e+00 -1.22339497e+01 -3.41162368e+00
 -1.85233348e+00 -1.30089883e+01 -3.96387104e+00
 -1.92597694e+00 -1.34610941e+01 -4.28601534e+00
 -1.78120588e+00 -1.15057115e+01 -1.91782614e+00
 -1.96257012e+00 -1.15525119e+01 -9.76275959e-01
 -2.06836592e+00 -1.15798121e+01 -4.27038354e-01
 -1.29223150e+00 -1.06370721e+01 -3.24867913e+00
 -9.84621350e-01 -9.81523311e+00 -3.63798195e+00
 -8.05182096e-01 -9.33582704e+00 -3.86507526e+00
 -5.77353218e+00 -9.11746519e+00 -2.96527603e+00
 -5.07880768e+00 -9.70628328e+00 -2.66154733e+00
 -4.38408317e+00 -1.02951014e+01 -2.35781863e+00
 -3.97882721e+00 -1.06385786e+01 -2.18064356e+00
 -6.00063955e+00 -9.08365815e+00 -3.89741300e+00
 -6.22774691e+00 -9.04985111e+00 -4.82954997e+00
 -6.36022621e+00 -9.03013034e+00 -5.37329654e+00
 -6.24114932e+00 -8.56245415e+00 -2.33686777e+00
 -6.70876646e+00 -8.00744310e+00 -1.70845950e+00
 -6.98154312e+00 -7.68368666e+00 -1.34188801e+00
 -3.74618593e+00 -3.26360297e+00 -2.14892701e+00
 -3.28702943e+00 -2.45624910e+00 -1.90612041e+00
 -2.82787293e+00 -1.64889523e+00 -1.66331381e+00
 -2.56003164e+00 -1.17793881e+00 -1.52167663e+00
 -3.25916324e+00 -3.99514939e+00 -2.53525425e+00
 -2.77214055e+00 -4.72669581e+00 -2.92158149e+00
 -2.48804398e+00 -5.15343122e+00 -3.14693905e+00
 -4.69236512e+00 -3.33941042e+00 -2.00540636e+00
 -5.63854431e+00 -3.41521786e+00 -1.86188572e+00
 -6.19048217e+00 -3.45943887e+00 -1.77816534e+00
  4.26481938e+00  1.15635508e+01 -3.67224492e+00
  4.46504074e+00  1.07806396e+01 -3.15401585e+00
  4.66526209e+00  9.99772831e+00 -2.63578678e+00
  4.78205789e+00  9.54103007e+00 -2.33348649e+00
  3.36654701e+00  1.19006348e+01 -3.70512585e+00
  2.46827465e+00  1.22377188e+01 -3.73800678e+00
  1.94428243e+00  1.24343511e+01 -3.75718733e+00
  4.96287039e+00  1.20093781e+01 -4.15759306e+00
  5.66092140e+00  1.24552054e+01 -4.64294120e+00
  6.06811782e+00  1.27152713e+01 -4.92606095e+00
  1.29667279e+01  4.76483927e+00  9.51313973e+00
  1.30136990e+01  4.72110118e+00  8.55528760e+00
  1.30606700e+01  4.67736310e+00  7.59743547e+00
  1.30880698e+01  4.65184921e+00  7.03868840e+00
  1.27243929e+01  5.58737574e+00  9.94477326e+00
  1.24820580e+01  6.40991222e+00  1.03764068e+01
  1.23406959e+01  6.88972516e+00  1.06281930e+01
  1.31620918e+01  3.98604088e+00  1.00393583e+01
  1.33574557e+01  3.20724249e+00  1.05655769e+01
  1.34714180e+01  2.75294343e+00  1.08725378e+01
 -6.87690049e+00  6.81067458e-01  6.46131097e+00
 -7.37875095e+00  1.48319838e+00  6.62358266e+00
 -7.88060140e+00  2.28532930e+00  6.78585435e+00
 -8.17334750e+00  2.75323901e+00  6.88051284e+00
 -6.00100672e+00  7.33384066e-01  6.07185869e+00
 -5.12511295e+00  7.85700674e-01  5.68240641e+00
 -4.61417492e+00  8.16218696e-01  5.45522591e+00
 -7.25094380e+00 -1.73380073e-01  6.68849156e+00
 -7.62498711e+00 -1.02782760e+00  6.91567215e+00
 -7.84317904e+00 -1.52625533e+00  7.04819416e+00
  1.17290744e+01 -7.53522839e+00 -6.76615666e-01
  1.19854219e+01 -8.01732130e+00  1.12987008e-01
  1.22417694e+01 -8.49941421e+00  9.02589683e-01
  1.23913054e+01 -8.78063507e+00  1.36319124e+00
  1.12951795e+01 -7.99421733e+00 -1.39957098e+00
  1.08612846e+01 -8.45320628e+00 -2.12252630e+00
  1.06081793e+01 -8.72094983e+00 -2.54425023e+00
  1.19066217e+01 -6.59414653e+00 -7.43263026e-01
  1.20841691e+01 -5.65306467e+00 -8.09910385e-01
  1.21877384e+01 -5.10410026e+00 -8.48788012e-01
  6.84165654e+00 -6.39386575e+00 -9.10117737e+00
  7.73813868e+00 -6.36987620e+00 -9.44373287e+00
  8.63462082e+00 -6.34588664e+00 -9.78628836e+00
  9.15756874e+00 -6.33189273e+00 -9.98611240e+00
  6.64585132e+00 -6.89033390e+00 -8.30319260e+00
  6.45004611e+00 -7.38680204e+00 -7.50520782e+00
  6.33582640e+00 -7.67640846e+00 -7.03971671e+00
  6.14097961e+00 -5.92138717e+00 -9.55660665e+00
  5.44030268e+00 -5.44890858e+00 -1.00120359e+01
  5.03157448e+00 -5.17329607e+00 -1.02777030e+01
  1.23857366e+01  8.04018893e-01 -1.91231948e+00
  1.22364676e+01  7.50317405e-02 -2.51886419e+00
  1.20871986e+01 -6.53955412e-01 -3.12540890e+00
  1.20001249e+01 -1.07919792e+00 -3.47922665e+00
  1.23235838e+01  1.70938639e+00 -2.22544361e+00
  1.22614310e+01  2.61475389e+00 -2.53856775e+00
  1.22251753e+01  3.14288493e+00 -2.72122349e+00
  1.25971585e+01  6.27638548e-01 -9.92650632e-01
  1.28085803e+01  4.51258202e-01 -7.29817862e-02
  1.29319097e+01  3.48369667e-01  4.63491707e-01
 -7.49439303e+00  8.66243480e+00  4.61610301e+00
 -7.16340422e+00  9.56204665e+00  4.56371096e+00
 -6.83241541e+00  1.04616585e+01  4.51131890e+00
 -6.63933861e+00  1.09864321e+01  4.48075687e+00
 -8.15213049e+00  8.35561621e+00  3.98773704e+00
 -8.80986794e+00  8.04879761e+00  3.35937108e+00
 -9.19354813e+00  7.86982010e+00  2.99282427e+00
 -7.16764438e+00  8.06964155e+00  5.29686102e+00
 -6.84089573e+00  7.47684829e+00  5.97761904e+00
 -6.65029235e+00  7.13105223e+00  6.37472788e+00
 -9.27603713e+00 -5.26520519e+00 -2.68162369e-01
 -9.13831514e+00 -5.73456051e+00 -1.09420005e+00
 -9.00059315e+00 -6.20391582e+00 -1.92023772e+00
 -8.92025532e+00 -6.47770642e+00 -2.40209303e+00
 -9.28703323e+00 -5.74744050e+00  5.61854614e-01
 -9.29802933e+00 -6.22967581e+00  1.39187160e+00
 -9.30444372e+00 -6.51097974e+00  1.87604817e+00
 -9.40276303e+00 -4.31361457e+00 -2.72141676e-01
 -9.52948892e+00 -3.36202395e+00 -2.76120984e-01
 -9.60341236e+00 -2.80692942e+00 -2.78442246e-01
 -8.52220110e+00 -1.22938124e+00 -3.69570853e-01
 -8.80315485e+00 -3.76071334e-01 -7.07989534e-01
 -9.08410859e+00  4.77238569e-01 -1.04640821e+00
 -9.24799828e+00  9.75002679e-01 -1.24381911e+00
 -8.53678899e+00 -2.00076424e+00 -9.40846147e-01
 -8.55137688e+00 -2.77214724e+00 -1.51212144e+00
 -8.55988648e+00 -3.22212065e+00 -1.84536536e+00
 -8.22665947e+00 -1.31130814e+00  5.40123121e-01
 -7.93111784e+00 -1.39323504e+00  1.44981710e+00
 -7.75871856e+00 -1.44102574e+00  1.98047191e+00
 -1.05273817e+01 -4.81368102e+00 -5.00009280e+00
 -1.12407097e+01 -5.09352813e+00 -4.42177735e+00
 -1.19540377e+01 -5.37337524e+00 -3.84346190e+00
 -1.23701457e+01 -5.53661939e+00 -3.50611122e+00
 -1.06641994e+01 -4.08942411e+00 -5.61518047e+00
 -1.08010171e+01 -3.36516720e+00 -6.23026814e+00
 -1.08808274e+01 -2.94268400e+00 -6.58906929e+00
 -9.67723596e+00 -5.25809082e+00 -4.96332058e+00
 -8.82709025e+00 -5.70250062e+00 -4.92654836e+00
 -8.33117191e+00 -5.96173967e+00 -4.90509790e+00
 -3.87134135e+00 -1.15896223e+01 -9.23826345e+00
 -4.16182231e+00 -1.23377328e+01 -8.71143187e+00
 -4.45230328e+00 -1.30858433e+01 -8.18460029e+00
 -4.62175051e+00 -1.35222411e+01 -7.87728187e+00
 -3.35480653e+00 -1.17348301e+01 -1.00343203e+01
 -2.83827171e+00 -1.18800378e+01 -1.08303771e+01
 -2.53695973e+00 -1.19647423e+01 -1.12947436e+01
 -4.09739521e+00 -1.06963041e+01 -8.96903819e+00
 -4.32344907e+00 -9.80298594e+00 -8.69981293e+00
 -4.45531382e+00 -9.28188365e+00 -8.54276486e+00
  5.61192621e+00  1.22497245e+00  1.20129796e+00
  5.37464248e+00  2.95184641e-01  1.17317215e+00
  5.13735875e+00 -6.34603169e-01  1.14504634e+00
  4.99894324e+00 -1.17697939e+00  1.12863962e+00
  5.34728800e+00  1.76548057e+00  1.94924020e+00
  5.08264979e+00  2.30598869e+00  2.69718243e+00
  4.92827750e+00  2.62128509e+00  3.13348207e+00
  6.11384815e+00  1.61425214e+00  4.81481529e-01
  6.61577009e+00  2.00353183e+00 -2.38334900e-01
  6.90855788e+00  2.23061165e+00 -6.58227816e-01
 -9.89759870e+00  4.92288228e-01 -8.20732003e+00
 -9.86213797e+00  1.41395168e+00 -8.47355117e+00
 -9.82667724e+00  2.33561513e+00 -8.73978231e+00
 -9.80599182e+00  2.87325214e+00 -8.89508381e+00
 -9.12718303e+00 -6.95221728e-02 -8.31880441e+00
 -8.35676735e+00 -6.31332574e-01 -8.43028878e+00
 -7.90735821e+00 -9.59055307e-01 -8.49532133e+00
 -1.07034751e+01  1.32435178e-01 -7.82960451e+00
 -1.15093515e+01 -2.27417871e-01 -7.45188900e+00
 -1.19794461e+01 -4.37332150e-01 -7.23155495e+00
  1.21958697e+01  7.33040872e-01 -8.92561491e+00
  1.24103664e+01  1.44771416e+00 -8.32160060e+00
  1.26248630e+01  2.16238744e+00 -7.71758629e+00
  1.27499861e+01  2.57928019e+00 -7.36524461e+00
  1.24878578e+01  7.72819402e-01 -9.83926728e+00
  1.27798458e+01  8.12597931e-01 -1.07529197e+01
  1.29501722e+01  8.35802073e-01 -1.12858835e+01
  1.16893850e+01 -2.14109416e-02 -8.61597685e+00
  1.11829004e+01 -7.75862755e-01 -8.30633879e+00
  1.08874510e+01 -1.21595965e+00 -8.12571659e+00
  5.21556631e+00 -9.08006463e+00  1.27628266e+01
  6.14468078e+00 -9.26901593e+00  1.29133049e+01
  7.07379524e+00 -9.45796723e+00  1.30637832e+01
  7.61577868e+00 -9.56818882e+00  1.31515622e+01
  4.68936913e+00 -9.66598885e+00  1.22138190e+01
  4.16317194e+00 -1.02519131e+01  1.16648115e+01
  3.85622358e+00 -1.05937022e+01  1.13445570e+01
  4.81264904e+00 -8.30518910e+00  1.31613559e+01
  4.40973176e+00 -7.53031358e+00  1.35598852e+01
  4.17469668e+00 -7.07830286e+00  1.37923606e+01
  7.43933638e+00  7.88328766e+00  6.17672888e+00
  7.74976617e+00  7.29077972e+00  6.86532722e+00
  8.06019596e+00  6.69827177e+00  7.55392556e+00
  8.24128001e+00  6.35264214e+00  7.95560793e+00
  6.61984048e+00  7.69384634e+00  5.71397791e+00
  5.80034458e+00  7.50440502e+00  5.25122695e+00
  5.32230531e+00  7.39389758e+00  4.98128888e+00
  7.94840249e+00  8.66523693e+00  5.95088150e+00
  8.45746860e+00  9.44718620e+00  5.72503412e+00
  8.75442383e+00  9.90332328e+00  5.59328982e+00
 -1.33598593e-01 -1.22690259e+01  3.10283320e+00
  3.21414424e-03 -1.13288072e+01  2.96546113e+00
  1.40026882e-01 -1.03885885e+01  2.82808907e+00
  2.19834312e-01 -9.84012760e+00  2.74795536e+00
 -7.51054630e-01 -1.27504408e+01  2.54732643e+00
 -1.36851067e+00 -1.32318556e+01  1.99181967e+00
 -1.72869336e+00 -1.35126810e+01  1.66777406e+00
  3.47044707e-01 -1.27278297e+01  3.79571202e+00
  8.27688007e-01 -1.31866335e+01  4.48859085e+00
  1.10806327e+00 -1.34542691e+01  4.89277017e+00
 -1.12604360e+01  4.13532230e-01 -1.02756762e+00
 -1.09456304e+01  4.89802870e-01 -1.93127124e+00
 -1.06308248e+01  5.66073510e-01 -2.83497485e+00
 -1.04471882e+01  6.10564717e-01 -3.36213529e+00
 -1.13477681e+01  1.19848703e+00 -4.81839609e-01
 -1.14351001e+01  1.98344184e+00  6.38884046e-02
 -1.14860439e+01  2.44133214e+00  3.82229746e-01
 -1.14879095e+01 -4.47693214e-01 -6.69592025e-01
 -1.17153830e+01 -1.30891866e+00 -3.11616427e-01
 -1.18480759e+01 -1.81130017e+00 -1.02797328e-01
  5.08950917e+00 -1.22970043e+01 -5.65294150e-01
  6.00642994e+00 -1.20654496e+01 -7.30335813e-01
  6.92335070e+00 -1.18338949e+01 -8.95377476e-01
  7.45822114e+00 -1.16988214e+01 -9.91651780e-01
  4.84335733e+00 -1.27257857e+01  2.57600572e-01
  4.59720548e+00 -1.31545672e+01  1.08049529e+00
  4.45361691e+00 -1.34046897e+01  1.56051722e+00
  4.41874025e+00 -1.20997775e+01 -1.22314721e+00
  3.74797134e+00 -1.19025507e+01 -1.88100027e+00
  3.35668947e+00 -1.17875017e+01 -2.26474789e+00
  9.88505591e+00  1.27992924e+00  1.09710868e+01
  9.32003304e+00  6.88986193e-01  1.14742125e+01
  8.75501017e+00  9.80431403e-02  1.19773382e+01
  8.42541350e+00 -2.46673640e-01  1.22708282e+01
  9.52291685e+00  1.78020730e+00  1.02361194e+01
  9.16077778e+00  2.28048536e+00  9.50115193e+00
  8.94953000e+00  2.57231423e+00  9.07242091e+00
  1.08122179e+01  1.37059424e+00  1.12029286e+01
  1.17393798e+01  1.46125923e+00  1.14347704e+01
  1.22802243e+01  1.51414714e+00  1.15700114e+01
 -8.39669786e+00 -3.84091523e+00  4.06638323e+00
 -8.93457229e+00 -4.63359166e+00  4.00349310e+00
 -9.47244671e+00 -5.42626810e+00  3.94060296e+00
 -9.78620680e+00 -5.88866268e+00  3.90391705e+00
 -7.95090969e+00 -3.50028021e+00  3.28738342e+00
 -7.50512153e+00 -3.15964520e+00  2.50838362e+00
 -7.24507843e+00 -2.96094144e+00  2.05396706e+00
 -8.30461159e+00 -3.38887381e+00  4.90827317e+00
 -8.21252533e+00 -2.93683239e+00  5.75016312e+00
 -8.15880834e+00 -2.67314156e+00  6.24126558e+00
 -2.63065313e-01  1.18484101e+00  8.01714131e+00
 -5.82718115e-01  8.80968699e-01  8.86983334e+00
 -9.02370918e-01  5.77096383e-01  9.72252537e+00
 -1.08883505e+00  3.99837533e-01  1.02199291e+01
  6.42728933e-01  1.00756078e+00  7.75311763e+00
  1.54852318e+00  8.30280544e-01  7.48909395e+00
  2.07690316e+00  7.26867073e-01  7.33508014e+00
 -8.49206757e-01  1.66599356e+00  7.42847295e+00
 -1.43534820e+00  2.14714611e+00  6.83980460e+00
 -1.77726404e+00  2.42781844e+00  6.49641472e+00
  2.66904226e+00 -1.59254897e+00  2.47690706e+00
  1.84756295e+00 -1.72823646e+00  1.99903611e+00
  1.02608364e+00 -1.86392396e+00  1.52116516e+00
  5.46887374e-01 -1.94307499e+00  1.24240710e+00
  3.35613028e+00 -2.26247482e+00  2.45027218e+00
  4.04321830e+00 -2.93240066e+00  2.42363730e+00
  4.44401964e+00 -3.32319074e+00  2.40810029e+00
  2.80343356e+00 -7.86935633e-01  2.98141288e+00
  2.93782485e+00  1.86777050e-02  3.48591871e+00
  3.01621977e+00  4.88618819e-01  3.78021378e+00
 -1.17330943e+01 -1.22074676e+01  4.78471381e-01
 -1.10323233e+01 -1.23978127e+01  1.10639558e+00
 -1.03315524e+01 -1.25881578e+01  1.73431978e+00
 -9.92276932e+00 -1.26991924e+01  2.10060890e+00
 -1.16632726e+01 -1.14465138e+01 -1.02626059e-01
 -1.15934510e+01 -1.06855600e+01 -6.83723500e-01
 -1.15527217e+01 -1.02416702e+01 -1.02269701e+00
 -1.25036869e+01 -1.27780763e+01  4.31644622e-01
 -1.32742795e+01 -1.33486850e+01  3.84817863e-01
 -1.37237919e+01 -1.36815400e+01  3.57502254e-01
 -6.07070492e+00 -5.15441442e+00  9.29652645e+00
 -6.65576972e+00 -5.60520398e+00  8.68326635e+00
 -7.24083452e+00 -6.05599354e+00  8.07000624e+00
 -7.58212231e+00 -6.31895412e+00  7.71227118e+00
 -5.13418594e+00 -5.07936841e+00  9.09929489e+00
 -4.19766695e+00 -5.00432240e+00  8.90206333e+00
 -3.65136421e+00 -4.96054556e+00  8.78701159e+00
 -6.42215911e+00 -4.77867087e+00  1.01070181e+01
 -6.77361330e+00 -4.40292732e+00  1.09175098e+01
 -6.97862824e+00 -4.18374358e+00  1.13902966e+01
  8.00389067e+00 -2.34748084e+00  2.29446950e-01
  8.19209532e+00 -3.07632803e+00  8.25232803e-01
  8.38029996e+00 -3.80517522e+00  1.42101866e+00
  8.49008600e+00 -4.23033608e+00  1.76856040e+00
  7.76737605e+00 -2.52318740e+00 -6.84220407e-01
  7.53086144e+00 -2.69889396e+00 -1.59788776e+00
  7.39289458e+00 -2.80138946e+00 -2.13086039e+00
  8.05220065e+00 -1.44292708e+00  5.47328455e-01
  8.10051062e+00 -5.38373327e-01  8.65209959e-01
  8.12869144e+00 -1.07169698e-02  1.05064084e+00
  9.71691205e+00 -3.63258937e+00  5.93592253e+00
  9.21966256e+00 -3.29166123e+00  6.68299078e+00
  8.72241308e+00 -2.95073310e+00  7.43005902e+00
  8.43235088e+00 -2.75185835e+00  7.86584883e+00
  9.71824571e+00 -3.15607207e+00  5.10253817e+00
  9.71957937e+00 -2.67955478e+00  4.26915382e+00
  9.72035734e+00 -2.40158636e+00  3.78301294e+00
  1.02128279e+01 -4.45003479e+00  6.02223865e+00
  1.07087437e+01 -5.26748022e+00  6.10855477e+00
  1.09980279e+01 -5.74432339e+00  6.15890583e+00
 -1.08953661e+00  7.94266709e+00  8.21248900e+00
 -1.74140930e+00  8.56756066e+00  8.53832639e+00
 -2.39328200e+00  9.19245424e+00  8.86416379e+00
 -2.77354107e+00  9.55697549e+00  9.05423561e+00
 -8.92004736e-01  7.90069268e+00  7.27396925e+00
 -6.94472866e-01  7.85871828e+00  6.33544951e+00
 -5.79245942e-01  7.83423321e+00  5.78797966e+00
 -6.35195781e-01  7.35974792e+00  8.82517134e+00
 -1.80854955e-01  6.77682875e+00  9.43785369e+00
  8.41771931e-02  6.43679257e+00  9.79525173e+00
  2.49275893e+00 -5.68313947e+00  1.03512796e+01
  2.09871327e+00 -6.43185612e+00  9.89768129e+00
  1.70466761e+00 -7.18057277e+00  9.44408302e+00
  1.47480764e+00 -7.61732415e+00  9.17948403e+00
  3.39799683e+00 -5.42772171e+00  1.01591699e+01
  4.30323474e+00 -5.17230396e+00  9.96706032e+00
  4.83129018e+00 -5.02331027e+00  9.85499638e+00
  1.98156668e+00 -5.18984056e+00  1.09969875e+01
  1.47037443e+00 -4.69654166e+00  1.16426953e+01
  1.17217896e+00 -4.40878397e+00  1.20193583e+01
  2.18837827e+00  1.18935188e+01  1.08691065e+01
  1.63744320e+00  1.19729660e+01  1.00869564e+01
  1.08650813e+00  1.20524132e+01  9.30480638e+00
  7.65129337e-01  1.20987574e+01  8.84855218e+00
  2.83156013e+00  1.11837151e+01  1.09331052e+01
  3.47474198e+00  1.04739114e+01  1.09971040e+01
  3.84993140e+00  1.00598593e+01  1.10344366e+01
  2.09613149e+00  1.25238752e+01  1.15872577e+01
  2.00388471e+00  1.31542317e+01  1.23054090e+01
  1.95007408e+00  1.35219397e+01  1.27243306e+01
 -5.87565042e+00  2.37474406e+00 -5.97386361e-01
 -5.49645697e+00  1.68045514e+00 -1.14123857e+00
 -5.11726353e+00  9.86166218e-01 -1.68509079e+00
 -4.89606736e+00  5.81164348e-01 -2.00233791e+00
 -6.43175121e+00  2.14803877e+00  1.51584015e-01
 -6.98785200e+00  1.92133349e+00  9.00554392e-01
 -7.31224412e+00  1.78908874e+00  1.33745378e+00
 -5.69874307e+00  3.29573827e+00 -8.02504525e-01
 -5.52183572e+00  4.21673247e+00 -1.00762269e+00
 -5.41863977e+00  4.75397909e+00 -1.12727495e+00
  4.44072766e+00 -6.43045075e+00  1.12624979e+00
  3.77715770e+00 -6.42770708e+00  1.81998416e+00
  3.11358774e+00 -6.42496340e+00  2.51371853e+00
  2.72650526e+00 -6.42336293e+00  2.91839691e+00
  4.34975284e+00 -7.02414168e+00  3.77347489e-01
  4.25877801e+00 -7.61783261e+00 -3.71554815e-01
  4.20570937e+00 -7.96415232e+00 -8.08414492e-01
  5.19527245e+00 -5.83950349e+00  1.18141773e+00
  5.94981724e+00 -5.24855623e+00  1.23658566e+00
  6.38996836e+00 -4.90383700e+00  1.26876695e+00
 -1.07566003e+01  4.76671005e+00  7.63027822e+00
 -1.02037063e+01  5.55013440e+00  7.67669475e+00
 -9.65081226e+00  6.33355875e+00  7.72311128e+00
 -9.32829075e+00  6.79055628e+00  7.75018759e+00
 -1.04294207e+01  3.92788618e+00  7.96333684e+00
 -1.01022412e+01  3.08906230e+00  8.29639545e+00
 -9.91138644e+00  2.59974837e+00  8.49067964e+00
 -1.16366739e+01  4.82210958e+00  7.25080308e+00
 -1.25167475e+01  4.87750911e+00  6.87132794e+00
 -1.30301237e+01  4.90982550e+00  6.64996744e+00
 -8.89989167e+00 -8.86698459e+00  4.29934866e+00
 -8.52497223e+00 -9.73242428e+00  4.12032477e+00
 -8.15005279e+00 -1.05978640e+01  3.94130087e+00
 -7.93134979e+00 -1.11027038e+01  3.83687026e+00
 -9.00056265e+00 -8.23088213e+00  3.58742239e+00
 -9.10123362e+00 -7.59477968e+00  2.87549611e+00
 -9.15995836e+00 -7.22371992e+00  2.46020578e+00
 -9.17414013e+00 -8.63764735e+00  5.19029884e+00
 -9.44838859e+00 -8.40831011e+00  6.08124901e+00
 -9.60836686e+00 -8.27453005e+00  6.60096995e+00
 -3.12941379e+00 -3.04304198e+00  1.24786764e+01
 -3.47460905e+00 -3.83602688e+00  1.20620048e+01
 -3.81980431e+00 -4.62901178e+00  1.16453333e+01
 -4.02116822e+00 -5.09158631e+00  1.14022749e+01
 -3.67961110e+00 -2.25952297e+00  1.25492518e+01
 -4.22980841e+00 -1.47600396e+00  1.26198272e+01
 -4.55075684e+00 -1.01895121e+00  1.26609961e+01
 -2.23402122e+00 -3.03357608e+00  1.28247725e+01
 -1.33862865e+00 -3.02411019e+00  1.31708687e+01
 -8.16316320e-01 -3.01858841e+00  1.33727581e+01
 -6.28533351e+00  1.48073471e+00 -5.18004346e+00
 -5.75555118e+00  7.10089011e-01 -5.39692103e+00
 -5.22576884e+00 -6.05566886e-02 -5.61379860e+00
 -4.91672914e+00 -5.10100014e-01 -5.74031051e+00
 -6.97608413e+00  1.77251306e+00 -5.77948401e+00
 -7.66683475e+00  2.06429142e+00 -6.37892456e+00
 -8.06977261e+00  2.23449546e+00 -6.72859821e+00
 -6.12436523e+00  1.95960206e+00 -4.36372533e+00
 -5.96339695e+00  2.43846941e+00 -3.54740721e+00
 -5.86949878e+00  2.71780869e+00 -3.07122164e+00
  5.42260096e+00  4.81416968e+00  1.58577963e+00
  4.76163516e+00  4.39003081e+00  1.03366512e+00
  4.10066936e+00  3.96589194e+00  4.81550613e-01
  3.71510597e+00  3.71847760e+00  1.59483816e-01
  5.27459333e+00  4.90182030e+00  2.53024303e+00
  5.12658570e+00  4.98947092e+00  3.47470643e+00
  5.04024791e+00  5.04060045e+00  4.02564341e+00
  6.23157438e+00  5.15065792e+00  1.19343074e+00
  7.04054781e+00  5.48714617e+00  8.01081853e-01
  7.51244898e+00  5.68343098e+00  5.72211667e-01
  1.11005923e+01  1.11800742e+01  4.53198525e-01
  1.11730428e+01  1.04232610e+01  1.03935957e+00
  1.12454934e+01  9.66644786e+00  1.62552061e+00
  1.12877563e+01  9.22497352e+00  1.96744789e+00
  1.10585581e+01  1.20672028e+01  8.17665012e-01
  1.10165240e+01  1.29543315e+01  1.18213150e+00
  1.09920040e+01  1.34718233e+01  1.39473695e+00
  1.10701758e+01  1.10497586e+01 -4.97429005e-01
  1.10397594e+01  1.09194431e+01 -1.44805653e+00
  1.10220164e+01  1.08434257e+01 -2.00258926e+00
  3.59362328e+00  5.55043250e+00 -6.94390927e+00
  4.41304596e+00  5.45065265e+00 -6.45381699e+00
  5.23246864e+00  5.35087280e+00 -5.96372470e+00
  5.71046520e+00  5.29266788e+00 -5.67783753e+00
  2.89789373e+00  6.11862881e+00 -6.60521568e+00
  2.20216417e+00  6.68682511e+00 -6.26652209e+00
  1.79632194e+00  7.01827296e+00 -6.06895082e+00
  3.46993015e+00  5.08201605e+00 -7.77269515e+00
  3.34623701e+00  4.61359960e+00 -8.60148104e+00
  3.27408269e+00  4.34035667e+00 -9.08493947e+00
  6.21819492e-01  1.01225967e+01  3.62812424e+00
  7.43979161e-01  1.10747909e+01  3.62630801e+00
  8.66138830e-01  1.20269850e+01  3.62449177e+00
  9.37398637e-01  1.25824316e+01  3.62343231e+00
  1.38117190e+00  9.54140419e+00  3.71297213e+00
  2.14052430e+00  8.96021166e+00  3.79782003e+00
  2.58347987e+00  8.62118268e+00  3.84731464e+00
 -2.59692581e-01  9.75159510e+00  3.54509257e+00
 -1.14120465e+00  9.38059347e+00  3.46206091e+00
 -1.65542003e+00  9.16417585e+00  3.41362577e+00
  1.88941110e+00 -4.05806497e+00 -1.52216943e+00
  1.19554510e+00 -3.46693596e+00 -1.82336119e+00
  5.01679111e-01 -2.87580694e+00 -2.12455294e+00
  9.69239483e-02 -2.53098169e+00 -2.30024813e+00
  1.71866194e+00 -4.99977136e+00 -1.44711073e+00
  1.54791279e+00 -5.94147774e+00 -1.37205202e+00
  1.44830912e+00 -6.49080647e+00 -1.32826778e+00
  2.75402624e+00 -3.70748760e+00 -1.29603638e+00
  3.61864139e+00 -3.35691022e+00 -1.06990333e+00
  4.12300022e+00 -3.15240676e+00 -9.37992380e-01
 -9.96511358e-01 -7.00830838e+00  9.23210298e+00
 -1.23241053e+00 -7.93808189e+00  9.19372605e+00
 -1.46830970e+00 -8.86785541e+00  9.15534911e+00
 -1.60591755e+00 -9.41022330e+00  9.13296256e+00
 -9.59541883e-01 -6.55702369e+00  1.00786107e+01
 -9.22572409e-01 -6.10573899e+00  1.09251185e+01
 -9.01006882e-01 -5.84248959e+00  1.14189147e+01
 -7.97581661e-01 -6.52981955e+00  8.42397217e+00
 -5.98651965e-01 -6.05133073e+00  7.61584135e+00
 -4.82609642e-01 -5.77221225e+00  7.14443170e+00
 -4.47606661e+00  2.57938904e+00  4.52302661e+00
 -3.56552627e+00  2.31591375e+00  4.67500377e+00
 -2.65498593e+00  2.05243846e+00  4.82698092e+00
 -2.12383740e+00  1.89874453e+00  4.91563426e+00
 -4.75226992e+00  3.48012669e+00  4.70737256e+00
 -5.02847323e+00  4.38086433e+00  4.89171850e+00
 -5.18959183e+00  4.90629463e+00  4.99925364e+00
 -5.11040365e+00  1.94212669e+00  4.18670352e+00
 -5.74474068e+00  1.30486434e+00  3.85038042e+00
 -6.11477061e+00  9.33127974e-01  3.65419195e+00
  5.27654834e+00 -9.68125163e-01  1.15716880e+01
  4.41445642e+00 -5.85215687e-01  1.13934246e+01
  3.55236449e+00 -2.02306212e-01  1.12151612e+01
  3.04947753e+00  2.10576482e-02  1.11111742e+01
  5.80419320e+00 -1.31926721e+00  1.08506539e+01
  6.33183806e+00 -1.67040926e+00  1.01296198e+01
  6.63963090e+00 -1.87524212e+00  9.70901655e+00
  5.61099541e+00 -9.99892588e-01  1.24709855e+01
  5.94544248e+00 -1.03166001e+00  1.33702830e+01
  6.14053661e+00 -1.05019101e+00  1.38948732e+01
 -1.27317014e+01 -1.17568054e+01  4.98208829e+00
 -1.22544152e+01 -1.14403569e+01  4.21159609e+00
 -1.17771291e+01 -1.11239083e+01  3.44110390e+00
 -1.14987121e+01 -1.09393133e+01  2.99165012e+00
 -1.26232074e+01 -1.13164570e+01  5.82821019e+00
 -1.25147134e+01 -1.08761085e+01  6.67433210e+00
 -1.24514253e+01 -1.06192386e+01  7.16790321e+00
 -1.33174815e+01 -1.25136025e+01  4.90645858e+00
 -1.39032617e+01 -1.32703995e+01  4.83082886e+00
 -1.42449668e+01 -1.37118645e+01  4.78671153e+00
 -5.48231895e+00 -5.73118744e+00  4.53859495e+00
 -5.61140470e+00 -5.72265970e+00  5.48983843e+00
 -5.74049044e+00 -5.71413196e+00  6.44108190e+00
 -5.81579045e+00 -5.70915744e+00  6.99597393e+00
 -5.18006565e+00 -4.93917073e+00  4.08809249e+00
 -4.87781235e+00 -4.14715402e+00  3.63759004e+00
 -4.70149792e+00 -3.68514427e+00  3.37479694e+00
 -5.65548652e+00 -6.53173190e+00  4.03785393e+00
 -5.82865408e+00 -7.33227636e+00  3.53711291e+00
 -5.92966849e+00 -7.79926063e+00  3.24501399e+00
  5.49304805e+00  5.40639647e+00  1.12534439e+01
  4.73442379e+00  5.87046945e+00  1.08918841e+01
  3.97579953e+00  6.33454244e+00  1.05303243e+01
  3.53326871e+00  6.60525168e+00  1.03194144e+01
  5.50633562e+00  4.44660054e+00  1.12681147e+01
  5.51962320e+00  3.48680462e+00  1.12827855e+01
  5.52737428e+00  2.92692367e+00  1.12913434e+01
  6.23838473e+00  5.90211940e+00  1.16003329e+01
  6.98372142e+00  6.39784233e+00  1.19472220e+01
  7.41850115e+00  6.68701404e+00  1.21495739e+01
 -5.21535895e+00  5.49642884e+00 -5.37768249e+00
 -6.00057127e+00  4.99909354e+00 -5.61788911e+00
 -6.78578359e+00  4.50175825e+00 -5.85809573e+00
 -7.24382410e+00  4.21164599e+00 -5.99821625e+00
 -5.28437132e+00  6.43074943e+00 -5.16820136e+00
 -5.35338369e+00  7.36507001e+00 -4.95872023e+00
 -5.39364090e+00  7.91009035e+00 -4.83652290e+00
 -4.36113427e+00  5.05944356e+00 -5.34695700e+00
 -3.50690959e+00  4.62245828e+00 -5.31623151e+00
 -3.00861186e+00  4.36755020e+00 -5.29830831e+00
  2.04755753e+00 -9.52073862e-01 -1.17008891e+01
  1.10844022e+00 -1.10697198e+00 -1.15757282e+01
  1.69322904e-01 -1.26187009e+00 -1.14505673e+01
 -3.78495528e-01 -1.35222733e+00 -1.13775568e+01
  2.61546256e+00 -8.06121243e-01 -1.09407696e+01
  3.18336758e+00 -6.60168624e-01 -1.01806500e+01
  3.51464552e+00 -5.75029596e-01 -9.73724695e+00
  2.41876982e+00 -9.43128366e-01 -1.25861695e+01
  2.78998210e+00 -9.34182869e-01 -1.34714499e+01
  3.00652261e+00 -9.28964663e-01 -1.39878635e+01
  6.52916509e+00 -4.56996338e+00  1.18812843e+01
  5.92851023e+00 -4.89544803e+00  1.25557274e+01
  5.32785537e+00 -5.22093268e+00  1.32301705e+01
  4.97747337e+00 -5.41079872e+00  1.36235956e+01
  6.19080153e+00 -4.31459393e+00  1.10199501e+01
  5.85243797e+00 -4.05922448e+00  1.01586160e+01
  5.65505922e+00 -3.91025897e+00  9.65617105e+00
  7.46818350e+00 -4.49984818e+00  1.20681754e+01
  8.40720192e+00 -4.42973299e+00  1.22550665e+01
  8.95496266e+00 -4.38883245e+00  1.23640862e+01
  7.16387659e+00  9.56972382e+00  6.06634209e-01
  7.98242660e+00  9.39767258e+00  1.07777563e+00
  8.80097662e+00  9.22562134e+00  1.54891705e+00
  9.27846414e+00  9.12525812e+00  1.82374954e+00
  6.56862575e+00  1.02573847e+01  9.13878440e-01
  5.97337492e+00  1.09450455e+01  1.22112267e+00
  5.62614526e+00  1.13461810e+01  1.40034847e+00
  6.94057740e+00  9.05411422e+00 -1.71751440e-01
  6.71727822e+00  8.53850463e+00 -9.50137088e-01
  6.58702036e+00  8.23773236e+00 -1.40419538e+00
  1.05789006e+01  1.19254441e+00 -5.73381830e+00
  9.81813294e+00  6.07025847e-01 -5.73462207e+00
  9.05736533e+00  2.15072856e-02 -5.73542583e+00
  8.61358422e+00 -3.20045209e-01 -5.73589469e+00
  1.04973627e+01  2.08595080e+00 -6.07554422e+00
  1.04158249e+01  2.97935719e+00 -6.41727014e+00
  1.03682611e+01  3.50051091e+00 -6.61661025e+00
  1.14212060e+01  8.84656580e-01 -5.39128862e+00
  1.22635115e+01  5.76768753e-01 -5.04875894e+00
  1.27548564e+01  3.97167520e-01 -4.84894996e+00
  8.41443039e+00 -2.75826518e+00 -6.37861501e+00
  7.66538645e+00 -2.44649187e+00 -5.86545754e+00
  6.91634252e+00 -2.13471856e+00 -5.35230008e+00
  6.47940022e+00 -1.95285079e+00 -5.05295822e+00
  8.50050780e+00 -2.50979624e+00 -7.30189929e+00
  8.58658522e+00 -2.26132730e+00 -8.22518357e+00
  8.63679704e+00 -2.11638708e+00 -8.76376607e+00
  9.07739691e+00 -3.31850744e+00 -5.96848819e+00
  9.74036344e+00 -3.87874969e+00 -5.55836138e+00
  1.01270939e+01 -4.20555767e+00 -5.31912074e+00
 -9.01647391e+00  1.11979791e+01  1.27858991e+01
 -8.74025897e+00  1.19850424e+01  1.32611219e+01
 -8.46404402e+00  1.27721056e+01  1.37363448e+01
 -8.30291864e+00  1.32312258e+01  1.40135581e+01
 -8.55015943e+00  1.03692625e+01  1.29177306e+01
 -8.08384494e+00  9.54054586e+00  1.30495622e+01
 -7.81182816e+00  9.05712783e+00  1.31264639e+01
 -9.75900335e+00  1.12396325e+01  1.21788447e+01
 -1.05015328e+01  1.12812859e+01  1.15717903e+01
 -1.09346749e+01  1.13055837e+01  1.12176752e+01
 -3.08251163e+00  1.19811762e+01  4.71942094e+00
 -3.72938321e+00  1.18180521e+01  5.40974527e+00
 -4.37625479e+00  1.16549279e+01  6.10006959e+00
 -4.75359655e+00  1.15597722e+01  6.50275878e+00
 -3.26584230e+00  1.26263296e+01  4.03256796e+00
 -3.44917298e+00  1.32714829e+01  3.34571498e+00
 -3.55611587e+00  1.36478224e+01  2.94505074e+00
 -2.25230937e+00  1.14991470e+01  4.71594960e+00
 -1.42210711e+00  1.10171178e+01  4.71247826e+00
 -9.37822463e-01  1.07359341e+01  4.71045331e+00
  1.19868924e+01 -7.97805334e-01  7.67867818e+00
  1.23513896e+01 -1.68580306e+00  7.66447258e+00
  1.27158869e+01 -2.57380078e+00  7.65026698e+00
  1.29285103e+01 -3.09179946e+00  7.64198038e+00
  1.13189156e+01 -5.63443531e-01  8.32712368e+00
  1.06509388e+01 -3.29081729e-01  8.97556918e+00
  1.02612857e+01 -1.92370677e-01  9.35382905e+00
  1.22903719e+01 -1.44169411e-01  7.04443828e+00
  1.25938515e+01  5.09466512e-01  6.41019838e+00
  1.27708812e+01  8.90754133e-01  6.04022510e+00
 -1.11451310e+01 -2.38519005e+00  3.45511069e+00
 -1.08369748e+01 -1.47972652e+00  3.53742448e+00
 -1.05288186e+01 -5.74262995e-01  3.61973827e+00
 -1.03490608e+01 -4.60759375e-02  3.66775465e+00
 -1.06344570e+01 -3.02196195e+00  2.94980519e+00
 -1.01237831e+01 -3.65873385e+00  2.44449968e+00
 -9.82588993e+00 -4.03018413e+00  2.14973814e+00
 -1.19639611e+01 -2.65388167e+00  3.87810240e+00
 -1.27827913e+01 -2.92257330e+00  4.30109411e+00
 -1.32604422e+01 -3.07931008e+00  4.54783927e+00
 -4.35000447e-01 -2.93636529e+00  1.15509898e+01
 -3.85286029e-01 -2.08599657e+00  1.19937104e+01
 -3.35571611e-01 -1.23562785e+00  1.24364310e+01
 -3.06571533e-01 -7.39579435e-01  1.26946847e+01
 -6.56391424e-01 -2.97949864e+00  1.06178631e+01
 -8.77782401e-01 -3.02263198e+00  9.68473631e+00
 -1.00692714e+00 -3.04779310e+00  9.14041236e+00
 -2.63323889e-01 -3.74360066e+00  1.20413960e+01
 -9.16473302e-02 -4.55083604e+00  1.25318022e+01
  8.49732895e-03 -5.02172334e+00  1.28178724e+01
  9.43718631e+00  1.89135759e+00 -1.27462165e+01
  8.72433084e+00  1.26289853e+00 -1.28821440e+01
  8.01147537e+00  6.34439476e-01 -1.30180716e+01
  7.59564301e+00  2.67838360e-01 -1.30973626e+01
  1.02866773e+01  1.75298038e+00 -1.31714421e+01
  1.11361683e+01  1.61460317e+00 -1.35966677e+01
  1.16317047e+01  1.53388313e+00 -1.38447160e+01
  9.30055080e+00  2.65819385e+00 -1.21850633e+01
  9.16391530e+00  3.42503012e+00 -1.16239101e+01
  9.08421126e+00  3.87235128e+00 -1.12965708e+01
 -1.74547711e-01 -1.91740648e+00 -4.08537011e+00
 -5.92845325e-01 -2.58907258e+00 -3.54177858e+00
 -1.01114294e+00 -3.26073867e+00 -2.99818704e+00
 -1.25514988e+00 -3.65254390e+00 -2.68109197e+00
 -7.06692410e-01 -1.37408808e+00 -4.67122601e+00
 -1.23883711e+00 -8.30769679e-01 -5.25708191e+00
 -1.54925485e+00 -5.13833945e-01 -5.59883119e+00
  7.75894603e-01 -1.78905878e+00 -4.04310575e+00
  1.72633692e+00 -1.66071108e+00 -4.00084139e+00
  2.28076160e+00 -1.58584159e+00 -3.97618718e+00
 -1.22918686e+01 -5.10794927e+00  6.63902859e+00
 -1.25166437e+01 -5.40381444e+00  7.52420652e+00
 -1.27414187e+01 -5.69967961e+00  8.40938445e+00
 -1.28725375e+01 -5.87226763e+00  8.92573824e+00
 -1.13879610e+01 -4.86073385e+00  6.43061662e+00
 -1.04840534e+01 -4.61351842e+00  6.22220466e+00
 -9.95677392e+00 -4.46930942e+00  6.10063101e+00
 -1.29710012e+01 -5.05929953e+00  5.96226262e+00
 -1.36501337e+01 -5.01064979e+00  5.28549665e+00
 -1.40462944e+01 -4.98227077e+00  4.89071650e+00
  3.47633638e+00 -3.06378283e+00  8.79977490e+00
  3.04405056e+00 -2.85678477e+00  9.63156861e+00
  2.61176474e+00 -2.64978672e+00  1.04633623e+01
  2.35959801e+00 -2.52903785e+00  1.09485753e+01
  4.43480302e+00 -3.07849150e+00  8.74756989e+00
  5.39326965e+00 -3.09320018e+00  8.69536489e+00
  5.95237519e+00 -3.10178024e+00  8.66491197e+00
  2.95015557e+00 -3.25607221e+00  8.02018620e+00
  2.42397475e+00 -3.44836159e+00  7.24059750e+00
  2.11703594e+00 -3.56053039e+00  6.78583742e+00
  7.52701477e+00  4.37270774e+00 -1.18656504e+00
  6.69373989e+00  4.25239731e+00 -1.64784410e+00
  5.86046500e+00  4.13208688e+00 -2.10912316e+00
  5.37438799e+00  4.06190579e+00 -2.37820261e+00
  7.65326910e+00  3.98912911e+00 -3.15630323e-01
  7.77952344e+00  3.60555048e+00  5.55304392e-01
  7.85317180e+00  3.38179628e+00  1.06334964e+00
  8.23403532e+00  4.87659679e+00 -1.59622070e+00
  8.94105587e+00  5.38048585e+00 -2.00587635e+00
  9.35348453e+00  5.67442114e+00 -2.24484215e+00
  6.88778434e+00 -2.96003824e-01  5.39518145e+00
  6.67346422e+00  6.39424231e-01  5.36985870e+00
  6.45914410e+00  1.57485229e+00  5.34453596e+00
  6.33412404e+00  2.12051865e+00  5.32976436e+00
  7.80518546e+00 -5.78663108e-01  5.38629850e+00
  8.72258659e+00 -8.61322393e-01  5.37741556e+00
  9.25773724e+00 -1.02620698e+00  5.37223384e+00
  6.18470333e+00 -9.48772595e-01  5.42938714e+00
  5.48162232e+00 -1.60154137e+00  5.46359283e+00
  5.07149174e+00 -1.98232315e+00  5.48354615e+00
  1.69545181e+00 -6.12240337e+00 -1.16796224e+01
  1.36150283e+00 -5.51262701e+00 -1.23416276e+01
  1.02755385e+00 -4.90285065e+00 -1.30036328e+01
  8.32750276e-01 -4.54714777e+00 -1.33898025e+01
  1.09481919e+00 -6.51401144e+00 -1.10412780e+01
  4.94186567e-01 -6.90561951e+00 -1.04029336e+01
  1.43817538e-01 -7.13405755e+00 -1.00305661e+01
  2.63003340e+00 -6.34057166e+00 -1.16559616e+01
  3.56461500e+00 -6.55873995e+00 -1.16323009e+01
  4.10978760e+00 -6.68600478e+00 -1.16184987e+01
  1.80448562e+00  1.75208013e+00 -8.33792964e+00
  2.23647097e+00  1.46499160e+00 -9.14574697e+00
  2.66845632e+00  1.17790308e+00 -9.95356429e+00
  2.92044777e+00  1.01043477e+00 -1.04247911e+01
  2.01333587e+00  1.32485272e+00 -7.50398821e+00
  2.22218613e+00  8.97625309e-01 -6.67004678e+00
  2.34401544e+00  6.48409319e-01 -6.18358094e+00
  1.16365002e+00  2.46639607e+00 -8.36405374e+00
  5.22814414e-01  3.18071201e+00 -8.39017784e+00
  1.48993646e-01  3.59739631e+00 -8.40541690e+00
  4.12137808e+00 -7.95732989e+00  9.96332568e+00
  4.89898464e+00 -7.48634122e+00  1.02717049e+01
  5.67659120e+00 -7.01535256e+00  1.05800840e+01
  6.13019502e+00 -6.74060917e+00  1.07599719e+01
  3.96338201e+00 -8.05839857e+00  9.02182562e+00
  3.80538595e+00 -8.15946726e+00  8.08032556e+00
  3.71322158e+00 -8.21842399e+00  7.53111719e+00
  3.50176759e+00 -8.32724986e+00  1.05964466e+01
  2.88215710e+00 -8.69716984e+00  1.12295674e+01
  2.52071764e+00 -8.91295649e+00  1.15988880e+01
  1.15729373e+01 -1.03007387e+01 -6.92428536e+00
  1.21176907e+01 -1.00177230e+01 -6.18621633e+00
  1.26624440e+01 -9.73470722e+00 -5.44814730e+00
  1.29802168e+01 -9.56961469e+00 -5.01760703e+00
  1.19785715e+01 -1.07167210e+01 -7.68849711e+00
  1.23842057e+01 -1.11327034e+01 -8.45270887e+00
  1.26208257e+01 -1.13753597e+01 -8.89849906e+00
  1.06225498e+01 -1.01677722e+01 -6.89814263e+00
  9.67216229e+00 -1.00348056e+01 -6.87199990e+00
  9.11776957e+00 -9.95724178e+00 -6.85674997e+00
 -8.98042646e+00 -1.60145793e+00 -3.22377204e+00
 -9.64293544e+00 -1.92428954e+00 -2.60857971e+00
 -1.03054444e+01 -2.24712115e+00 -1.99338738e+00
 -1.06919080e+01 -2.43543959e+00 -1.63452519e+00
 -9.14923923e+00 -1.62783520e+00 -4.16844473e+00
 -9.31805199e+00 -1.65421248e+00 -5.11311742e+00
 -9.41652611e+00 -1.66959922e+00 -5.66417649e+00
 -8.14910472e+00 -1.25224904e+00 -2.89429168e+00
 -7.31778297e+00 -9.03040145e-01 -2.56481133e+00
 -6.83284529e+00 -6.99334959e-01 -2.37261445e+00
 -5.92823134e+00  5.89058540e+00  1.21592443e+01
 -6.66389743e+00  6.44416328e+00  1.18873124e+01
 -7.39956353e+00  6.99774116e+00  1.16153806e+01
 -7.82870208e+00  7.32066159e+00  1.14567537e+01
 -5.81264449e+00  5.02063538e+00  1.17701085e+01
 -5.69705764e+00  4.15068537e+00  1.13809727e+01
 -5.62963198e+00  3.64321453e+00  1.11539768e+01
 -5.30815209e+00  6.20695754e+00  1.28203119e+01
 -4.68807284e+00  6.52332968e+00  1.34813795e+01
 -4.32635995e+00  6.70788009e+00  1.38670023e+01
 -2.54377365e+00  3.47121669e+00 -9.45006326e+00
 -1.90762574e+00  2.75253010e+00 -9.47019817e+00
 -1.27147783e+00  2.03384351e+00 -9.49033307e+00
 -9.00391546e-01  1.61460966e+00 -9.50207843e+00
 -2.51357236e+00  4.11929508e+00 -8.74247420e+00
 -2.48337107e+00  4.76737347e+00 -8.03488513e+00
 -2.46575365e+00  5.14541920e+00 -7.62212485e+00
 -3.21012286e+00  3.54182490e+00 -1.01375174e+01
 -3.87647206e+00  3.61243310e+00 -1.08249716e+01
 -4.26517576e+00  3.65362122e+00 -1.12259865e+01
  8.20067632e+00 -5.16408513e+00 -1.99282815e+00
  8.60218517e+00 -5.93314845e+00 -2.40384184e+00
  9.00369402e+00 -6.70221176e+00 -2.81485553e+00
  9.23790752e+00 -7.15083203e+00 -3.05461352e+00
  7.35724876e+00 -5.24631672e+00 -1.54175396e+00
  6.51382120e+00 -5.32854831e+00 -1.09067978e+00
  6.02182179e+00 -5.37651673e+00 -8.27553170e-01
  8.64259502e+00 -4.31279023e+00 -2.03288864e+00
  9.08451373e+00 -3.46149532e+00 -2.07294913e+00
  9.34229964e+00 -2.96490663e+00 -2.09631775e+00
  1.30405859e+01  1.12228897e+01  1.54162278e+00
  1.30426568e+01  1.02756393e+01  1.38569875e+00
  1.30447278e+01  9.32838882e+00  1.22977472e+00
  1.30459359e+01  8.77582606e+00  1.13881904e+00
  1.26872621e+01  1.15734529e+01  2.36251730e+00
  1.23339384e+01  1.19240160e+01  3.18341183e+00
  1.21278329e+01  1.21285112e+01  3.66226697e+00
  1.33918386e+01  1.18195770e+01  8.76652284e-01
  1.37430914e+01  1.24162643e+01  2.11681789e-01
  1.39479888e+01  1.27643319e+01 -1.76217667e-01
 -1.14993605e+01 -1.07089668e+01 -9.11071819e+00
 -1.24392276e+01 -1.05144312e+01 -9.13086087e+00
 -1.33790947e+01 -1.03198957e+01 -9.15100354e+00
 -1.39273505e+01 -1.02064166e+01 -9.16275343e+00
 -1.10988437e+01 -1.10599492e+01 -8.31197059e+00
 -1.06983270e+01 -1.14109315e+01 -7.51322299e+00
 -1.04646922e+01 -1.16156712e+01 -7.04728690e+00
 -1.09600101e+01 -1.05525201e+01 -9.88932311e+00
 -1.04206598e+01 -1.03960733e+01 -1.06679280e+01
 -1.01060388e+01 -1.03048127e+01 -1.11221142e+01
 -1.06956758e+01 -7.44604348e+00 -1.10194484e+01
 -1.12608087e+01 -8.03882310e+00 -1.15202848e+01
 -1.18259416e+01 -8.63160271e+00 -1.20211212e+01
 -1.21556025e+01 -8.97739082e+00 -1.23132758e+01
 -1.05264534e+01 -7.61547824e+00 -1.00897949e+01
 -1.03572310e+01 -7.78491300e+00 -9.16014138e+00
 -1.02585179e+01 -7.88374994e+00 -8.61784350e+00
 -1.02997653e+01 -6.68382910e+00 -1.14482655e+01
 -9.90385474e+00 -5.92161472e+00 -1.18770826e+01
 -9.67290694e+00 -5.47698967e+00 -1.21272259e+01
  7.06005163e+00 -1.17981382e+01  8.36507197e+00
  6.10148920e+00 -1.17482086e+01  8.34878975e+00
  5.14292677e+00 -1.16982790e+01  8.33250753e+00
  4.58376536e+00 -1.16691534e+01  8.32300956e+00
  7.51393946e+00 -1.24775941e+01  7.86116172e+00
  7.96782729e+00 -1.31570499e+01  7.35725147e+00
  8.23259519e+00 -1.35533992e+01  7.06330382e+00
  7.56472622e+00 -1.11686119e+01  8.88526445e+00
  8.06940081e+00 -1.05390856e+01  9.40545693e+00
  8.36379433e+00 -1.01718620e+01  9.70890254e+00
  1.13297923e+01 -1.15551882e+01 -1.21867824e+00
  1.10854565e+01 -1.11887348e+01 -3.65676553e-01
  1.08411207e+01 -1.08222813e+01  4.87325132e-01
  1.06985915e+01 -1.06085168e+01  9.84909448e-01
  1.20233426e+01 -1.22164645e+01 -1.27613868e+00
  1.27168928e+01 -1.28777408e+01 -1.33359913e+00
  1.31214638e+01 -1.32634852e+01 -1.36711772e+00
  1.08805778e+01 -1.12603654e+01 -2.01421948e+00
  1.04313633e+01 -1.09655426e+01 -2.80976072e+00
  1.01693215e+01 -1.07935627e+01 -3.27382644e+00
  2.07710973e+00 -1.11577074e+01 -2.56745188e+00
  2.12038793e+00 -1.05157281e+01 -3.27990505e+00
  2.16366612e+00 -9.87374870e+00 -3.99235821e+00
  2.18891174e+00 -9.49926075e+00 -4.40795589e+00
  2.06255796e+00 -1.20965192e+01 -2.76750368e+00
  2.04800618e+00 -1.30353309e+01 -2.96755548e+00
  2.03951765e+00 -1.35829711e+01 -3.08425237e+00
  2.04838332e+00 -1.08608750e+01 -1.65494691e+00
  2.01965690e+00 -1.05640426e+01 -7.42441949e-01
  2.00289982e+00 -1.03908903e+01 -2.10147386e-01
 -2.00865274e+00  1.60740754e+00 -3.16423914e+00
 -1.62089895e+00  7.82822527e-01 -2.86206939e+00
 -1.23314516e+00 -4.17624841e-02 -2.55989964e+00
 -1.00695545e+00 -5.22770407e-01 -2.38363395e+00
 -2.96124789e+00  1.68532017e+00 -3.25419531e+00
 -3.91384303e+00  1.76323279e+00 -3.34415149e+00
 -4.46952353e+00  1.80868183e+00 -3.39662593e+00
 -1.44381139e+00  2.35407992e+00 -3.37645271e+00
 -8.78970040e-01  3.10075230e+00 -3.58866628e+00
 -5.49479251e-01  3.53631119e+00 -3.71245753e+00
 -6.23059691e+00  4.39055944e+00 -9.91857162e+00
 -6.48148837e+00  3.47467202e+00 -1.00592973e+01
 -6.73237984e+00  2.55878461e+00 -1.02000230e+01
 -6.87873319e+00  2.02451695e+00 -1.02821130e+01
 -5.43295537e+00  4.59964703e+00 -9.42699217e+00
 -4.63531384e+00  4.80873462e+00 -8.93541272e+00
 -4.17002294e+00  4.93070239e+00 -8.64865804e+00
 -6.77734699e+00  5.09735926e+00 -1.02694254e+01
 -7.32409706e+00  5.80415908e+00 -1.06202792e+01
 -7.64303461e+00  6.21645898e+00 -1.08249439e+01
 -4.44623818e+00  6.96961373e+00 -2.69454909e+00
 -4.70088698e+00  7.72116763e+00 -2.15425221e+00
 -4.95553577e+00  8.47272154e+00 -1.61395532e+00
 -5.10408090e+00  8.91112798e+00 -1.29878214e+00
 -3.60664508e+00  6.97558127e+00 -3.16000349e+00
 -2.76705197e+00  6.98154882e+00 -3.62545789e+00
 -2.27728932e+00  6.98502989e+00 -3.89697296e+00
 -5.03118250e+00  6.21209228e+00 -2.76939157e+00
 -5.61612682e+00  5.45457083e+00 -2.84423405e+00
 -5.95734434e+00  5.01268331e+00 -2.88789216e+00
 -7.57674484e-01  2.92063283e+00  3.47044280e-01
 -2.77229863e-01  2.09807859e+00  4.66113562e-01
  2.03214759e-01  1.27552435e+00  5.85182845e-01
  4.83474122e-01  7.95701048e-01  6.54639926e-01
 -1.27559045e+00  3.28292612e+00  1.06961374e+00
 -1.79350641e+00  3.64521942e+00  1.79218319e+00
 -2.09562406e+00  3.85655718e+00  2.21368204e+00
 -7.20203142e-01  3.38089376e+00 -4.94594460e-01
 -6.82731800e-01  3.84115470e+00 -1.33623320e+00
 -6.60873517e-01  4.10964025e+00 -1.82718913e+00
 -7.79363839e+00 -5.95453991e+00  1.18783167e+01
 -7.38698196e+00 -5.61136761e+00  1.26773556e+01
 -6.98032552e+00 -5.26819532e+00  1.34763946e+01
 -6.74310926e+00 -5.06801148e+00  1.39425007e+01
 -7.31610832e+00 -6.57826417e+00  1.13264715e+01
 -6.83857824e+00 -7.20198843e+00  1.07746264e+01
 -6.56001903e+00 -7.56582759e+00  1.04527167e+01
 -8.67782491e+00 -5.67398793e+00  1.16311228e+01
 -9.56201142e+00 -5.39343596e+00  1.13839290e+01
 -1.00777869e+01 -5.22978065e+00  1.12397325e+01
  5.53318608e+00  1.12047190e+01  1.20256310e+01
  6.18039518e+00  1.18555964e+01  1.17444212e+01
  6.82760428e+00  1.25064738e+01  1.14632114e+01
  7.20514292e+00  1.28861523e+01  1.12991724e+01
  4.93649896e+00  1.14034435e+01  1.27509399e+01
  4.33981183e+00  1.16021681e+01  1.34762489e+01
  3.99174434e+00  1.17180907e+01  1.38993457e+01
  5.48266411e+00  1.03551170e+01  1.15815319e+01
  5.43214213e+00  9.50551506e+00  1.11374328e+01
  5.40267098e+00  9.00991391e+00  1.08783750e+01
  4.22844671e+00  7.86479454e+00  9.53452359e-01
  4.64488376e+00  7.93786234e+00  9.15699557e-02
  5.06132081e+00  8.01093014e+00 -7.70312448e-01
  5.30424243e+00  8.05355303e+00 -1.27307718e+00
  3.28045443e+00  7.98858862e+00  1.04054806e+00
  2.33246215e+00  8.11238270e+00  1.12764375e+00
  1.77946665e+00  8.18459591e+00  1.17844958e+00
  4.76000194e+00  7.66793266e+00  1.72823906e+00
  5.29155716e+00  7.47107078e+00  2.50302577e+00
  5.60163105e+00  7.35623468e+00  2.95498468e+00
  9.71480907e-03  5.72284554e+00  5.71806251e+00
  5.63067229e-01  6.48675407e+00  5.53961122e+00
  1.11641965e+00  7.25066260e+00  5.36115994e+00
  1.43920856e+00  7.69627590e+00  5.25706336e+00
 -1.37129761e-01  5.43734827e+00  6.62278787e+00
 -2.83974330e-01  5.15185100e+00  7.52751323e+00
 -3.69633662e-01  4.98531093e+00  8.05526969e+00
 -3.96793041e-01  5.24443428e+00  4.99178843e+00
 -8.03300891e-01  4.76602302e+00  4.26551435e+00
 -1.04043047e+00  4.48694979e+00  3.84185447e+00
 -7.40449556e-01 -7.75455039e+00 -3.65519906e+00
 -1.32241107e+00 -8.05488801e+00 -4.35713789e+00
 -1.90437257e+00 -8.35522562e+00 -5.05907672e+00
 -2.24385012e+00 -8.53042257e+00 -5.46854103e+00
 -1.64272906e-01 -8.37949497e+00 -3.20903236e+00
  4.11903744e-01 -9.00443956e+00 -2.76286565e+00
  7.48006790e-01 -9.36899057e+00 -2.50260174e+00
 -7.34664696e-01 -6.82926818e+00 -3.39942695e+00
 -7.28879836e-01 -5.90398598e+00 -3.14365483e+00
 -7.25505335e-01 -5.36423803e+00 -2.99445443e+00
 -6.01991710e+00 -5.18670277e+00 -5.08583151e+00
 -6.35847614e+00 -5.68345219e+00 -4.33735454e+00
 -6.69703519e+00 -6.18020161e+00 -3.58887756e+00
 -6.89452797e+00 -6.46997210e+00 -3.15226599e+00
 -5.94859856e+00 -4.23071907e+00 -5.03475462e+00
 -5.87728003e+00 -3.27473538e+00 -4.98367773e+00
 -5.83567755e+00 -2.71707823e+00 -4.95388287e+00
 -5.75267658e+00 -5.64593704e+00 -5.88538538e+00
 -5.48543606e+00 -6.10517131e+00 -6.68493925e+00
 -5.32954576e+00 -6.37305797e+00 -7.15134568e+00
 -4.22861065e+00  8.83568225e+00 -6.41524730e+00
 -4.81484348e+00  8.99233309e+00 -5.67134436e+00
 -5.40107632e+00  9.14898392e+00 -4.92744142e+00
 -5.74304547e+00  9.24036358e+00 -4.49349804e+00
 -4.18833126e+00  9.46833904e+00 -7.13616543e+00
 -4.14805188e+00  1.01009958e+01 -7.85708356e+00
 -4.12455557e+00  1.04700456e+01 -8.27761914e+00
 -3.68265721e+00  8.04637462e+00 -6.43823210e+00
 -3.13670377e+00  7.25706699e+00 -6.46121691e+00
 -2.81823093e+00  6.79663754e+00 -6.47462472e+00
 -3.22740996e+00 -2.86181109e+00 -6.00715458e+00
 -3.39462767e+00 -3.73146282e+00 -6.37775425e+00
 -3.56184538e+00 -4.60111454e+00 -6.74835391e+00
 -3.65938905e+00 -5.10841138e+00 -6.96453705e+00
 -3.49420145e+00 -2.07539647e+00 -6.48879174e+00
 -3.76099294e+00 -1.28898185e+00 -6.97042889e+00
 -3.91662131e+00 -8.30239992e-01 -7.25138389e+00
 -2.79340075e+00 -2.77857399e+00 -5.15491776e+00
 -2.35939155e+00 -2.69533688e+00 -4.30268095e+00
 -2.10621951e+00 -2.64678190e+00 -3.80554280e+00
  3.83597612e+00  6.73816528e+00 -3.16774352e+00
  4.61250353e+00  6.33757895e+00 -2.77008062e+00
  5.38903093e+00  5.93699261e+00 -2.37241772e+00
  5.84200525e+00  5.70331725e+00 -2.14044769e+00
  3.72692655e+00  6.73029564e+00 -4.12149729e+00
  3.61787697e+00  6.72242599e+00 -5.07525106e+00
  3.55426472e+00  6.71783536e+00 -5.63160743e+00
  3.16849830e+00  7.14662127e+00 -2.61165264e+00
  2.50102047e+00  7.55507725e+00 -2.05556177e+00
  2.11165841e+00  7.79334324e+00 -1.73117543e+00
 -8.04747259e+00  8.20475921e+00 -2.97032171e+00
 -7.11564579e+00  8.40969478e+00 -2.86401921e+00
 -6.18381898e+00  8.61463034e+00 -2.75771670e+00
 -5.64025335e+00  8.73417608e+00 -2.69570691e+00
 -8.70466275e+00  8.67618168e+00 -2.45315447e+00
 -9.36185290e+00  9.14760414e+00 -1.93598722e+00
 -9.74521382e+00  9.42260058e+00 -1.63430633e+00
 -8.32210924e+00  7.52840119e+00 -3.59379147e+00
 -8.59674589e+00  6.85204316e+00 -4.21726122e+00
 -8.75695060e+00  6.45750098e+00 -4.58095191e+00
 -7.37553299e+00  6.53457129e-01  1.09982666e+01
 -8.12733217e+00  6.91602064e-02  1.11207211e+01
 -8.87913135e+00 -5.15136716e-01  1.12431756e+01
 -9.31768087e+00 -8.55976588e-01  1.13146073e+01
 -7.22772139e+00  1.07369197e+00  1.01478817e+01
 -7.07990979e+00  1.49392682e+00  9.29749688e+00
 -6.99368635e+00  1.73906381e+00  8.80143905e+00
 -6.77154541e+00  8.17519208e-01  1.17261970e+01
 -6.16755784e+00  9.81581287e-01  1.24541274e+01
 -5.81523175e+00  1.07728417e+00  1.28787534e+01
  6.27553782e-01  7.01767088e+00 -8.25198671e+00
  1.11983007e+00  6.21052864e+00 -8.08529701e+00
  1.61210637e+00  5.40338640e+00 -7.91860732e+00
  1.89926754e+00  4.93255342e+00 -7.82137167e+00
 -3.20806225e-01  7.04058281e+00 -8.10471709e+00
 -1.26916623e+00  7.06349473e+00 -7.95744746e+00
 -1.82237624e+00  7.07686002e+00 -7.87154019e+00
  1.08363750e+00  7.80190120e+00 -8.56594602e+00
  1.53972121e+00  8.58613153e+00 -8.87990533e+00
  1.80577005e+00  9.04359921e+00 -9.06304826e+00
  9.37363185e+00 -8.71270332e+00 -4.00357818e+00
  8.89564047e+00 -9.33110752e+00 -4.56098332e+00
  8.41764909e+00 -9.94951171e+00 -5.11838847e+00
  8.13882079e+00 -1.03102475e+01 -5.44354147e+00
  9.06412971e+00 -8.53086936e+00 -3.11321598e+00
  8.75462758e+00 -8.34903540e+00 -2.22285379e+00
  8.57408467e+00 -8.24296559e+00 -1.70347584e+00
  1.01611254e+01 -8.27613309e+00 -4.33653523e+00
  1.09486189e+01 -7.83956285e+00 -4.66949228e+00
  1.14079901e+01 -7.58489688e+00 -4.86371723e+00
 -1.02544096e+00 -3.12441767e+00 -1.09834102e+01
 -1.22922919e+00 -2.37324066e+00 -1.15453741e+01
 -1.43301741e+00 -1.62206366e+00 -1.21073380e+01
 -1.55189388e+00 -1.18387707e+00 -1.24351503e+01
 -1.56282196e+00 -3.30385672e+00 -1.02084113e+01
 -2.10020295e+00 -3.48329578e+00 -9.43341235e+00
 -2.41367520e+00 -3.58796856e+00 -8.98132966e+00
 -2.84271741e-01 -3.69615563e+00 -1.11964451e+01
  4.56897479e-01 -4.26789358e+00 -1.14094801e+01
  8.89246190e-01 -4.60140739e+00 -1.15337505e+01
 -6.86125527e+00  7.02492228e+00 -7.29964897e+00
 -6.89452456e+00  7.35379611e+00 -6.39835259e+00
 -6.92779386e+00  7.68266993e+00 -5.49705621e+00
 -6.94720094e+00  7.87451300e+00 -4.97129999e+00
 -6.04050742e+00  6.67338361e+00 -7.65234364e+00
 -5.21975957e+00  6.32184493e+00 -8.00503831e+00
 -4.74099000e+00  6.11678071e+00 -8.21077687e+00
 -7.64873382e+00  7.04758713e+00 -7.84825068e+00
 -8.43621238e+00  7.07025198e+00 -8.39685238e+00
 -8.89557487e+00  7.08347314e+00 -8.71687004e+00
  2.23242412e+00  3.15547406e+00  6.96866311e+00
  2.27443383e+00  2.62812571e+00  6.16757703e+00
  2.31644354e+00  2.10077736e+00  5.36649096e+00
  2.34094921e+00  1.79315749e+00  4.89919075e+00
  2.40891901e+00  4.09841369e+00  6.93240838e+00
  2.58541391e+00  5.04135332e+00  6.89615366e+00
  2.68836926e+00  5.59140144e+00  6.87500506e+00
  2.01391951e+00  2.73988278e+00  7.80600392e+00
  1.79541491e+00  2.32429150e+00  8.64334472e+00
  1.66795388e+00  2.08186325e+00  9.13179352e+00
  5.48278829e+00  9.45270242e+00 -1.03132606e+01
  6.12498266e+00  8.73961177e+00 -1.02870287e+01
  6.76717704e+00  8.02652113e+00 -1.02607967e+01
  7.14179042e+00  7.61055158e+00 -1.02454948e+01
  5.65299079e+00  1.02325650e+01 -1.08465949e+01
  5.82319330e+00  1.10124275e+01 -1.13799293e+01
  5.92247809e+00  1.14673474e+01 -1.16910410e+01
  4.67039141e+00  9.38593051e+00 -9.80615824e+00
  3.85799453e+00  9.31915860e+00 -9.29905586e+00
  3.38409635e+00  9.28020832e+00 -9.00324614e+00
  1.86724447e+00 -2.34799630e+00 -5.75889955e+00
  2.47669037e+00 -1.61113608e+00 -5.67397188e+00
  3.08613627e+00 -8.74275859e-01 -5.58904421e+00
  3.44164638e+00 -4.44440729e-01 -5.53950307e+00
  1.92345021e+00 -3.08977641e+00 -5.15210206e+00
  1.97965595e+00 -3.83155651e+00 -4.54530457e+00
  2.01244263e+00 -4.26426157e+00 -4.19133937e+00
  1.20159283e+00 -2.34307642e+00 -6.45062470e+00
  5.35941197e-01 -2.33815654e+00 -7.14234986e+00
  1.47644409e-01 -2.33528661e+00 -7.54585620e+00
  9.41847641e+00  1.18758240e+01  3.92524421e+00
  9.29683676e+00  1.25462884e+01  3.24901840e+00
  9.17519710e+00  1.32167527e+01  2.57279260e+00
  9.10424063e+00  1.36078569e+01  2.17832754e+00
  9.63205039e+00  1.09741591e+01  3.67427295e+00
  9.84562437e+00  1.00724942e+01  3.42330170e+00
  9.97020919e+00  9.54652304e+00  3.27690180e+00
  9.32654209e+00  1.21070246e+01  4.85244127e+00
  9.23460777e+00  1.23382251e+01  5.77963833e+00
  9.18097941e+00  1.24730921e+01  6.32050328e+00
  6.22321258e+00  1.76322028e+00  9.17288331e+00
  6.95525979e+00  1.31236609e+00  9.60001019e+00
  7.68730700e+00  8.61511900e-01  1.00271371e+01
  8.11433454e+00  5.98513622e-01  1.02762944e+01
  5.58487448e+00  1.26255123e+00  8.65960466e+00
  4.94653637e+00  7.61882183e-01  8.14632602e+00
  4.57417248e+00  4.69825237e-01  7.84691347e+00
  6.12950347e+00  2.71474352e+00  9.25903507e+00
  6.03579436e+00  3.66626676e+00  9.34518682e+00
  5.98113072e+00  4.22132199e+00  9.39544202e+00
 -9.34348797e+00  3.52893281e+00  2.49342172e+00
 -8.40763706e+00  3.42878835e+00  2.68250941e+00
 -7.47178615e+00  3.32864388e+00  2.87159711e+00
 -6.92587312e+00  3.27022628e+00  2.98189826e+00
 -9.94364224e+00  3.82304014e+00  3.18256302e+00
 -1.05437965e+01  4.11714746e+00  3.87170432e+00
 -1.08938865e+01  4.28871006e+00  4.27370342e+00
 -9.67918462e+00  3.33496996e+00  1.61519272e+00
 -1.00148813e+01  3.14100710e+00  7.36963719e-01
 -1.02107043e+01  3.02786210e+00  2.24663469e-01
  2.95794821e+00  2.17103082e+00  1.26796993e+01
  3.74648652e+00  1.94395391e+00  1.21814590e+01
  4.53502483e+00  1.71687699e+00  1.16832187e+01
  4.99500551e+00  1.58441546e+00  1.13925785e+01
  2.53760510e+00  3.02437076e+00  1.25503833e+01
  2.11726199e+00  3.87771069e+00  1.24210673e+01
  1.87206184e+00  4.37549232e+00  1.23456330e+01
  2.58975300e+00  1.54476781e+00  1.33072556e+01
  2.22155780e+00  9.18504790e-01  1.39348119e+01
  2.00677727e+00  5.53184697e-01  1.43008865e+01
  9.81359964e+00  4.67486030e+00  2.27383313e+00
  9.16171468e+00  4.16646664e+00  2.76187195e+00
  8.50982973e+00  3.65807297e+00  3.24991076e+00
  8.12956351e+00  3.36151000e+00  3.53460008e+00
  1.04241795e+01  5.24841609e+00  2.74268917e+00
  1.10347594e+01  5.82197188e+00  3.21154522e+00
  1.13909309e+01  6.15654609e+00  3.48504458e+00
  9.85490474e+00  4.60969817e+00  1.31693826e+00
  9.89620984e+00  4.54453604e+00  3.60043393e-01
  9.92030448e+00  4.50652480e+00 -1.98145279e-01
 -3.61721996e+00 -3.05234240e+00  8.27437618e+00
 -3.64155497e+00 -2.53350847e+00  9.08172937e+00
 -3.66588997e+00 -2.01467454e+00  9.88908255e+00
 -3.68008539e+00 -1.71202142e+00  1.03600386e+01
 -3.12949412e+00 -3.87884271e+00  8.24946170e+00
 -2.64176827e+00 -4.70534303e+00  8.22454723e+00
 -2.35726153e+00 -5.18746821e+00  8.21001378e+00
 -4.08061079e+00 -2.74467601e+00  7.49193748e+00
 -4.54400163e+00 -2.43700962e+00  6.70949877e+00
 -4.81431295e+00 -2.25753756e+00  6.25307619e+00
  1.08847881e+01  1.51722608e+00  1.35096267e+01
  1.17200724e+01  1.98146129e+00  1.34180524e+01
  1.25553566e+01  2.44569651e+00  1.33264780e+01
  1.30426058e+01  2.71650039e+00  1.32730597e+01
  1.00856803e+01  2.00453772e+00  1.37230609e+01
  9.28657259e+00  2.49184937e+00  1.39364951e+01
  8.82042640e+00  2.77611450e+00  1.40609984e+01
  1.08486116e+01  5.65679213e-01  1.33877668e+01
  1.08124351e+01 -3.85867650e-01  1.32659070e+01
  1.07913321e+01 -9.40936654e-01  1.31948221e+01
  5.37935520e-01  1.29884537e+00  4.46887070e+00
  2.51339576e-01  6.47292142e-01  5.11302996e+00
 -3.52563686e-02 -4.26108459e-03  5.75718922e+00
 -2.02437336e-01 -3.84333800e-01  6.13294879e+00
  9.41422607e-01  1.01455028e+00  3.64547864e+00
  1.34490969e+00  7.30255194e-01  2.82208659e+00
  1.58027716e+00  5.64416393e-01  2.34177456e+00
  4.21044379e-01  2.23469368e+00  4.64810349e+00
  3.04153237e-01  3.17054200e+00  4.82733628e+00
  2.35966737e-01  3.71645352e+00  4.93188874e+00
  3.48308872e+00 -9.73768594e+00 -7.72519168e+00
  3.76975472e+00 -1.01188961e+01 -6.89206419e+00
  4.05642071e+00 -1.05001063e+01 -6.05893671e+00
  4.22364254e+00 -1.07224789e+01 -5.57294568e+00
  2.84668464e+00 -9.01896332e+00 -7.73044923e+00
  2.21028055e+00 -8.30024071e+00 -7.73570679e+00
  1.83904484e+00 -7.88098585e+00 -7.73877369e+00
  3.83282681e+00 -1.00751984e+01 -8.55306161e+00
  4.18256490e+00 -1.04127108e+01 -9.38093154e+00
  4.38657879e+00 -1.06095931e+01 -9.86385567e+00
  9.28560131e+00  1.47928355e+00 -1.75239070e+00
  9.54883610e+00  1.61317821e+00 -2.66583455e+00
  9.81207089e+00  1.74707287e+00 -3.57927840e+00
  9.96562451e+00  1.82517809e+00 -4.11212064e+00
  8.39814937e+00  1.17540737e+00 -1.54821353e+00
  7.51069743e+00  8.71531197e-01 -1.34403636e+00
  6.99301712e+00  6.94270095e-01 -1.22493301e+00
  9.90981847e+00  1.64926506e+00 -1.04312402e+00
  1.05340356e+01  1.81924657e+00 -3.33857335e-01
  1.08981623e+01  1.91840245e+00  7.98815621e-02
 -1.14542924e+00 -2.96906688e+00  3.96249805e+00
 -1.32440972e+00 -3.07508080e+00  3.02530701e+00
 -1.50339019e+00 -3.18109472e+00  2.08811597e+00
 -1.60779546e+00 -3.24293618e+00  1.54142120e+00
 -2.50855244e-01 -2.79376738e+00  4.26350875e+00
  6.43718754e-01 -2.61846787e+00  4.56451946e+00
  1.16555359e+00 -2.51620983e+00  4.74010904e+00
 -1.86102277e+00 -3.03835247e+00  4.59867838e+00
 -2.57661629e+00 -3.10763805e+00  5.23485871e+00
 -2.99404585e+00 -3.14805464e+00  5.60596390e+00
 -4.21784069e+00 -9.72244272e+00  6.89224038e+00
 -5.04745994e+00 -9.88425597e+00  6.43710482e+00
 -5.87707918e+00 -1.00460692e+01  5.98196925e+00
 -6.36102374e+00 -1.01404603e+01  5.71647351e+00
 -3.54863235e+00 -9.16604839e+00  6.48704221e+00
 -2.87942401e+00 -8.60965406e+00  6.08184405e+00
 -2.48905248e+00 -8.28509070e+00  5.84547846e+00
 -4.05742978e+00 -1.01170238e+01  7.75257410e+00
 -3.89701887e+00 -1.05116049e+01  8.61290782e+00
 -3.80344584e+00 -1.07417772e+01  9.11476916e+00
 -1.00561113e+01  1.01920541e+01 -1.00075581e+01
 -1.06954477e+01  1.06176278e+01 -9.43159284e+00
 -1.13347841e+01  1.10432015e+01 -8.85562756e+00
 -1.17077303e+01  1.12914528e+01 -8.51964782e+00
 -9.14339523e+00  1.00982502e+01 -9.72515730e+00
 -8.23067917e+00  1.00044463e+01 -9.44275648e+00
 -7.69826146e+00  9.94972736e+00 -9.27802267e+00
 -1.03294910e+01  9.86028429e+00 -1.08659242e+01
 -1.06028706e+01  9.52851449e+00 -1.17242903e+01
 -1.07623421e+01  9.33498210e+00 -1.22250039e+01
 -2.91157066e+00  8.59198612e-01  9.76790864e+00
 -2.70379373e+00  1.18644347e+00  8.88964925e+00
 -2.49601681e+00  1.51368832e+00  8.01138986e+00
 -2.37481360e+00  1.70458116e+00  7.49907189e+00
 -3.41307391e+00  1.40553603e+00  1.03775068e+01
 -3.91457715e+00  1.95187345e+00  1.09871050e+01
 -4.20712071e+00  2.27057028e+00  1.13427039e+01
 -2.61784434e+00 -1.43836652e-02  1.00365699e+01
 -2.32411803e+00 -8.87965943e-01  1.03052311e+01
 -2.15277767e+00 -1.39755560e+00  1.04619501e+01
 -7.67118881e+00 -1.12795700e+01 -1.08514109e+01
 -7.92440964e+00 -1.12435545e+01 -1.17767120e+01
 -8.17763047e+00 -1.12075389e+01 -1.27020131e+01
 -8.32534263e+00 -1.11865298e+01 -1.32417720e+01
 -6.92059104e+00 -1.07691065e+01 -1.05389530e+01
 -6.16999328e+00 -1.02586429e+01 -1.02264951e+01
 -5.73214458e+00 -9.96087249e+00 -1.00442280e+01
 -8.16856574e+00 -1.18260492e+01 -1.02385677e+01
 -8.66594267e+00 -1.23725283e+01 -9.62572457e+00
 -8.95607921e+00 -1.26913078e+01 -9.26823272e+00
  6.17557986e+00  9.85918509e-01 -1.06600135e+01
  6.43804479e+00  1.83513864e+00 -1.10226942e+01
  6.70050972e+00  2.68435878e+00 -1.13853750e+01
  6.85361427e+00  3.17973719e+00 -1.15969387e+01
  6.54992503e+00  6.82153220e-01 -9.82983739e+00
  6.92427020e+00  3.78387932e-01 -8.99966130e+00
  7.14263822e+00  2.01191513e-01 -8.51539191e+00
  5.53876975e+00  4.40463662e-01 -1.11275088e+01
  4.90195965e+00 -1.04991185e-01 -1.15950042e+01
  4.53048709e+00 -4.23173179e-01 -1.18677098e+01
 -3.97672479e+00 -1.04843822e+01  2.21390033e+00
 -3.66036992e+00 -1.08344140e+01  1.37783976e+00
 -3.34401506e+00 -1.11844459e+01  5.41779185e-01
 -3.15947472e+00 -1.13886312e+01  5.40771829e-02
 -4.50915173e+00 -1.10339203e+01  2.79366697e+00
 -5.04157867e+00 -1.15834585e+01  3.37343361e+00
 -5.35216105e+00 -1.19040224e+01  3.71163081e+00
 -3.76065271e+00 -9.58481211e+00  2.47019427e+00
 -3.54458064e+00 -8.68524206e+00  2.72648821e+00
 -3.41853859e+00 -8.16049286e+00  2.87599301e+00
 -4.94430665e+00  5.86722408e+00  1.30024592e+00
 -5.47090973e+00  6.00622622e+00  5.09696996e-01
 -5.99751280e+00  6.14522835e+00 -2.80851930e-01
 -6.30469793e+00  6.22631293e+00 -7.42005470e-01
 -5.35252063e+00  5.93307751e+00  2.16663190e+00
 -5.76073461e+00  5.99893093e+00  3.03301789e+00
 -5.99885944e+00  6.03734543e+00  3.53840971e+00
 -4.00948958e+00  5.66236852e+00  1.22440887e+00
 -3.07467252e+00  5.45751296e+00  1.14857181e+00
 -2.52936257e+00  5.33801388e+00  1.10433353e+00
 -4.31545956e+00 -8.09373876e+00 -7.49098942e+00
 -3.61435006e+00 -7.81035673e+00 -8.08237771e+00
 -2.91324057e+00 -7.52697471e+00 -8.67376599e+00
 -2.50426003e+00 -7.36166852e+00 -9.01874249e+00
 -5.23393311e+00 -7.97506674e+00 -7.74381995e+00
 -6.15240667e+00 -7.85639472e+00 -7.99665048e+00
 -6.68818291e+00 -7.78716938e+00 -8.14413495e+00
 -4.09809549e+00 -8.49579280e+00 -6.64677060e+00
 -3.88073143e+00 -8.89784684e+00 -5.80255179e+00
 -3.75393572e+00 -9.13237837e+00 -5.31009081e+00
  5.77468983e+00  1.39864301e+01  8.98485998e+00
  5.86252504e+00  1.41058748e+01  8.03637807e+00
  5.95036026e+00  1.42253196e+01  7.08789615e+00
  6.00159746e+00  1.42949956e+01  6.53461504e+00
  6.55669187e+00  1.38602472e+01  9.52721658e+00
  7.33869390e+00  1.37340643e+01  1.00695732e+01
  7.79486175e+00  1.36604575e+01  1.03859479e+01
  4.90485259e+00  1.39931683e+01  9.39098528e+00
  4.03501534e+00  1.39999066e+01  9.79711059e+00
  3.52761028e+00  1.40038372e+01  1.00340170e+01
 -9.86140315e-01  2.92986726e+00 -5.91873105e+00
 -1.21088927e+00  2.87732215e+00 -6.85057166e+00
 -1.43563822e+00  2.82477704e+00 -7.78241227e+00
 -1.56674178e+00  2.79412573e+00 -8.32598596e+00
 -7.32266168e-02  2.83068646e+00 -5.63881723e+00
  8.39687081e-01  2.73150566e+00 -5.35890340e+00
  1.37222007e+00  2.67365019e+00 -5.19562034e+00
 -1.67430506e+00  3.08159316e+00 -5.26680427e+00
 -2.36246981e+00  3.23331907e+00 -4.61487748e+00
 -2.76389924e+00  3.32182585e+00 -4.23458686e+00
 -8.20128742e+00 -9.26242993e+00  1.24264268e+00
 -7.65136875e+00 -9.12915272e+00  2.01815970e+00
 -7.10145008e+00 -8.99587552e+00  2.79367671e+00
 -6.78066419e+00 -8.91813048e+00  3.24606164e+00
 -8.75017887e+00 -1.00469025e+01  1.17249331e+00
 -9.29907031e+00 -1.08313751e+01  1.10234393e+00
 -9.61925699e+00 -1.12889841e+01  1.06142347e+00
 -8.20231464e+00 -8.61123454e+00  5.37275038e-01
 -8.20334187e+00 -7.96003915e+00 -1.68092605e-01
 -8.20394108e+00 -7.58017517e+00 -5.79557063e-01
 -9.58810687e+00  2.11810529e+00 -1.26127477e+01
 -1.01364015e+01  1.66114029e+00 -1.19707540e+01
 -1.06846962e+01  1.20417529e+00 -1.13287603e+01
 -1.10045348e+01  9.37612372e-01 -1.09542640e+01
 -8.65727642e+00  1.89728772e+00 -1.26927120e+01
 -7.72644597e+00  1.67647015e+00 -1.27726762e+01
 -7.18346154e+00  1.54765990e+00 -1.28193220e+01
 -9.97064264e+00  2.79588786e+00 -1.31747773e+01
 -1.03531784e+01  3.47367044e+00 -1.37368068e+01
 -1.05763243e+01  3.86904360e+00 -1.40646573e+01
 -6.96098098e+00 -6.68481332e-01 -1.07820317e+01
 -6.53497219e+00 -5.87832582e-01 -1.16385434e+01
 -6.10896339e+00 -5.07183831e-01 -1.24950551e+01
 -5.86045826e+00 -4.60138727e-01 -1.29946869e+01
 -7.32600745e+00  1.08560469e-01 -1.03524252e+01
 -7.69103391e+00  8.85602271e-01 -9.92281875e+00
 -7.90396602e+00  1.33887665e+00 -9.67221498e+00
 -7.02196331e+00 -1.52617188e+00 -1.03551265e+01
 -7.08294563e+00 -2.38386243e+00 -9.92822123e+00
 -7.11851866e+00 -2.88418192e+00 -9.67919319e+00
  5.07241106e+00 -9.19461269e+00 -3.72188921e+00
  4.76219677e+00 -8.43247618e+00 -4.21637382e+00
  4.45198247e+00 -7.67033966e+00 -4.71085843e+00
  4.27102413e+00 -7.22576003e+00 -4.99930778e+00
  4.83494757e+00 -1.00802922e+01 -4.00611262e+00
  4.59748409e+00 -1.09659717e+01 -4.29033603e+00
  4.45896372e+00 -1.14826180e+01 -4.45613302e+00
  5.62008884e+00 -9.07106972e+00 -2.94318118e+00
  6.16776663e+00 -8.94752675e+00 -2.16447316e+00
  6.48724533e+00 -8.87546001e+00 -1.71022682e+00
 -2.09147116e+00  1.24609686e+01 -5.03353302e+00
 -1.20328611e+00  1.21846659e+01 -5.27098648e+00
 -3.15101066e-01  1.19083632e+01 -5.50843994e+00
  2.03006877e-01  1.17471867e+01 -5.64695445e+00
 -2.51864012e+00  1.20893148e+01 -4.25829107e+00
 -2.94580908e+00  1.17176609e+01 -3.48304912e+00
 -3.19499097e+00  1.15008628e+01 -3.03082465e+00
 -2.55248724e+00  1.31089252e+01 -5.57132151e+00
 -3.01350332e+00  1.37568818e+01 -6.10911001e+00
 -3.28242937e+00  1.41348564e+01 -6.42281996e+00
  5.15370519e+00  4.24603928e+00 -9.69173698e+00
  4.83268915e+00  3.39416398e+00 -9.38701221e+00
  4.51167311e+00  2.54228869e+00 -9.08228743e+00
  4.32441376e+00  2.04536144e+00 -8.90453131e+00
  5.42533682e+00  4.35766368e+00 -1.06057152e+01
  5.69696844e+00  4.46928808e+00 -1.15196935e+01
  5.85542023e+00  4.53440232e+00 -1.20528475e+01
  5.20308960e+00  4.98629017e+00 -9.08248351e+00
  5.25247401e+00  5.72654106e+00 -8.47323003e+00
  5.28128158e+00  6.15835408e+00 -8.11783217e+00
 -8.82475594e-01 -8.33548537e+00  5.42502348e+00
 -1.10508634e+00 -9.17571145e+00  5.01751326e+00
 -1.32769709e+00 -1.00159375e+01  4.61000304e+00
 -1.45755336e+00 -1.05060694e+01  4.37228875e+00
 -5.58961718e-01 -7.61079827e+00  4.88486852e+00
 -2.35447843e-01 -6.88611117e+00  4.34471356e+00
 -4.67314151e-02 -6.46337703e+00  4.02962316e+00
 -9.83378721e-01 -8.21994638e+00  6.37268867e+00
 -1.08428185e+00 -8.10440739e+00  7.32035385e+00
 -1.14314201e+00 -8.03700964e+00  7.87315854e+00
 -1.18921494e+01 -6.73082751e+00 -6.34268253e+00
 -1.19574714e+01 -7.02349250e+00 -7.25464758e+00
 -1.20227934e+01 -7.31615750e+00 -8.16661262e+00
 -1.20608979e+01 -7.48687874e+00 -8.69859223e+00
 -1.26186335e+01 -6.24970707e+00 -5.93976328e+00
 -1.33451177e+01 -5.76858664e+00 -5.53684402e+00
 -1.37689001e+01 -5.48793305e+00 -5.30180778e+00
 -1.11003433e+01 -6.91928295e+00 -5.83363675e+00
 -1.03085372e+01 -7.10773839e+00 -5.32459096e+00
 -9.84665025e+00 -7.21767073e+00 -5.02764759e+00
  2.17416218e+00 -2.96156880e+00 -9.53691635e+00
  2.44472576e+00 -3.33995456e+00 -8.69714283e+00
  2.71528935e+00 -3.71834032e+00 -7.85736931e+00
  2.87311810e+00 -3.93906535e+00 -7.36750143e+00
  2.55900274e+00 -3.28430854e+00 -1.03550464e+01
  2.94384330e+00 -3.60704828e+00 -1.11731765e+01
  3.16833362e+00 -3.79531313e+00 -1.16504190e+01
  1.51875804e+00 -2.26044329e+00 -9.55855980e+00
  8.63353896e-01 -1.55931779e+00 -9.58020326e+00
  4.81034814e-01 -1.15032791e+00 -9.59282860e+00
 -1.66396753e+00 -3.72937432e+00 -3.98827096e-01
 -2.45799964e+00 -4.04471062e+00  3.89811119e-02
 -3.25203175e+00 -4.36004692e+00  4.76789320e-01
 -3.71521715e+00 -4.54399310e+00  7.32177442e-01
 -9.95891166e-01 -4.35434803e+00 -6.89828521e-01
 -3.27814800e-01 -4.97932174e+00 -9.80829945e-01
  6.18964137e-02 -5.34388974e+00 -1.15058078e+00
 -1.53801179e+00 -2.78906431e+00 -5.45633880e-01
 -1.41205605e+00 -1.84875429e+00 -6.92440664e-01
 -1.33858186e+00 -1.30024012e+00 -7.78077955e-01
  1.21564670e+01 -9.30883489e-01  4.26977129e+00
  1.27613263e+01 -2.40098729e-01  3.98948273e+00
  1.33661855e+01  4.50686030e-01  3.70919416e+00
  1.37190201e+01  8.53643807e-01  3.54569250e+00
  1.13399407e+01 -7.00676954e-01  4.71909266e+00
  1.05234143e+01 -4.70470420e-01  5.16841403e+00
  1.00471073e+01 -3.36183275e-01  5.43051817e+00
  1.23681341e+01 -1.85187478e+00  4.10073849e+00
  1.25798011e+01 -2.77286608e+00  3.93170568e+00
  1.27032736e+01 -3.31011100e+00  3.83310321e+00
 -5.70860751e+00 -6.12737470e+00  4.24754487e-02
 -4.89450978e+00 -5.94157801e+00 -4.31153604e-01
 -4.08041205e+00 -5.75578132e+00 -9.04782658e-01
 -3.60552171e+00 -5.64739992e+00 -1.18106627e+00
 -6.54556345e+00 -6.13857859e+00 -4.27608832e-01
 -7.38251939e+00 -6.14978247e+00 -8.97693112e-01
 -7.87074368e+00 -6.15631808e+00 -1.17190894e+00
 -5.68574930e+00 -6.30196750e+00  9.86188782e-01
 -5.66289109e+00 -6.47656031e+00  1.92990212e+00
 -5.64955713e+00 -6.57840611e+00  2.48040156e+00
  8.23393205e-01  4.86825340e+00  5.84164329e-01
  1.35129800e+00  5.60342437e+00  9.04227082e-01
  1.87920280e+00  6.33859534e+00  1.22428983e+00
  2.18714727e+00  6.76744507e+00  1.41099311e+00
  1.19407483e+00  3.98287721e+00  5.66724823e-01
  1.56475646e+00  3.09750102e+00  5.49285316e-01
  1.78098741e+00  2.58103157e+00  5.39112271e-01
 -7.51932199e-02  5.01845861e+00  2.81541082e-01
 -9.73779645e-01  5.16866383e+00 -2.10821646e-02
 -1.49795506e+00  5.25628354e+00 -1.97612392e-01
 -6.96570909e+00  4.17184545e+00  5.67567673e+00
 -7.89419755e+00  3.96867179e+00  5.81069396e+00
 -8.82268600e+00  3.76549813e+00  5.94571120e+00
 -9.36430427e+00  3.64698017e+00  6.02447125e+00
 -6.29025437e+00  3.59367409e+00  6.03772478e+00
 -5.61479964e+00  3.01550273e+00  6.39977284e+00
 -5.22078438e+00  2.67823611e+00  6.61096754e+00
 -6.71267536e+00  4.95319046e+00  5.17861144e+00
 -6.45964163e+00  5.73453548e+00  4.68154616e+00
 -6.31203863e+00  6.19032007e+00  4.39159140e+00
 -1.00112172e+01 -4.74244453e+00  9.57844114e+00
 -9.47717604e+00 -5.53524746e+00  9.48976454e+00
 -8.94313487e+00 -6.32805040e+00  9.40108793e+00
 -8.63161086e+00 -6.79051878e+00  9.34935992e+00
 -1.09344905e+01 -4.81152664e+00  9.83220121e+00
 -1.18577637e+01 -4.88060875e+00  1.00859613e+01
 -1.23963398e+01 -4.92090665e+00  1.02339880e+01
 -9.62198512e+00 -3.88055948e+00  9.41335767e+00
 -9.23275304e+00 -3.01867443e+00  9.24827421e+00
 -9.00570099e+00 -2.51590815e+00  9.15197552e+00
 -4.58411616e+00 -1.29401330e+01 -5.43971793e-01
 -5.45722839e+00 -1.25674310e+01 -6.86689238e-01
 -6.33034061e+00 -1.21947290e+01 -8.29406683e-01
 -6.83965607e+00 -1.19773195e+01 -9.12658527e-01
 -4.13382975e+00 -1.33955043e+01 -1.25914952e+00
 -3.68354334e+00 -1.38508755e+01 -1.97432725e+00
 -3.42087627e+00 -1.41165087e+01 -2.39151425e+00
 -4.16129035e+00 -1.28574638e+01  3.13923379e-01
 -3.73846453e+00 -1.27747945e+01  1.17181855e+00
 -3.49181614e+00 -1.27265708e+01  1.67225740e+00
  9.92723541e+00  4.17491031e+00 -3.79318169e+00
  9.31912327e+00  3.65273670e+00 -3.26485003e+00
  8.71101114e+00  3.13056308e+00 -2.73651837e+00
  8.35627906e+00  2.82596181e+00 -2.42832490e+00
  1.08426849e+01  3.90021888e+00 -3.88316435e+00
  1.17581344e+01  3.62552744e+00 -3.97314701e+00
  1.22921465e+01  3.46529076e+00 -4.02563690e+00
  9.61989807e+00  4.97177537e+00 -4.23153070e+00
  9.31256074e+00  5.76864042e+00 -4.66987970e+00
  9.13328062e+00  6.23347837e+00 -4.92558328e+00
  6.67182189e+00  7.03456262e+00 -5.21051904e+00
  7.10538102e+00  6.88570460e+00 -4.36703355e+00
  7.53894016e+00  6.73684658e+00 -3.52354806e+00
  7.79184965e+00  6.65001274e+00 -3.03151486e+00
  6.72874173e+00  6.37210991e+00 -5.90299036e+00
  6.78566157e+00  5.70965720e+00 -6.59546169e+00
  6.81886481e+00  5.32322645e+00 -6.99940330e+00
  6.18134292e+00  7.84587335e+00 -5.36153320e+00
  5.69086395e+00  8.65718408e+00 -5.51254736e+00
  5.40475122e+00  9.13044868e+00 -5.60063896e+00
  1.14590017e+01 -5.96550724e+00 -3.92740389e+00
  1.20313062e+01 -6.71042122e+00 -3.72948800e+00
  1.26036107e+01 -7.45533520e+00 -3.53157210e+00
  1.29374550e+01 -7.88986835e+00 -3.41612116e+00
  1.14017239e+01 -5.22826257e+00 -3.31520332e+00
  1.13444460e+01 -4.49101790e+00 -2.70300274e+00
  1.13110339e+01 -4.06095851e+00 -2.34588574e+00
  1.09439750e+01 -5.95783793e+00 -4.73752037e+00
  1.04289483e+01 -5.95016862e+00 -5.54763684e+00
  1.01285161e+01 -5.94569486e+00 -6.02020479e+00
  1.59397645e-01 -1.75180507e+00  7.42728035e+00
  1.03920166e+00 -1.36826832e+00  7.44836245e+00
  1.91900568e+00 -9.84731576e-01  7.46944455e+00
  2.43222469e+00 -7.61001806e-01  7.48174245e+00
 -4.55149711e-01 -1.58299307e+00  8.14521771e+00
 -1.06969707e+00 -1.41418107e+00  8.86315508e+00
 -1.42818303e+00 -1.31570741e+00  9.28195187e+00
 -1.05859014e-01 -2.30415382e+00  6.68826089e+00
 -3.71115674e-01 -2.85650257e+00  5.94924143e+00
 -5.25848726e-01 -3.17870601e+00  5.51814674e+00
 -2.90516468e+00  7.89010283e+00  1.22047527e+00
 -2.78203800e+00  8.26822551e+00  3.46711537e-01
 -2.65891132e+00  8.64634819e+00 -5.27052195e-01
 -2.58708742e+00  8.86691975e+00 -1.03674771e+00
 -2.21600134e+00  7.34697981e+00  1.60992525e+00
 -1.52683801e+00  6.80385680e+00  1.99937523e+00
 -1.12482606e+00  6.48703504e+00  2.22655438e+00
 -3.71745470e+00  8.05510316e+00  1.70478902e+00
 -4.52974473e+00  8.22010350e+00  2.18910277e+00
 -5.00358057e+00  8.31635369e+00  2.47161913e+00
 -3.03631951e+00  1.56734159e+00  1.06318757e+00
 -2.45358159e+00  1.72420744e+00  1.80978627e+00
 -1.87084368e+00  1.88107329e+00  2.55638498e+00
 -1.53091323e+00  1.97257837e+00  2.99190089e+00
 -3.14052363e+00  6.79222510e-01  7.13922629e-01
 -3.24472775e+00 -2.08896572e-01  3.64657691e-01
 -3.30551349e+00 -7.26966036e-01  1.60919811e-01
 -3.51485330e+00  2.29859482e+00  6.65853799e-01
 -3.99338709e+00  3.02984805e+00  2.68520030e-01
 -4.27253180e+00  3.45641244e+00  3.67419983e-02
  3.34948410e+00 -3.71985810e+00  4.83783346e+00
  3.73308752e+00 -4.45487580e+00  5.32177292e+00
  4.11669094e+00 -5.18989349e+00  5.80571238e+00
  4.34045960e+00 -5.61865382e+00  6.08801040e+00
  3.42651160e+00 -2.82667285e+00  5.18118002e+00
  3.50353910e+00 -1.93348759e+00  5.52452659e+00
  3.54847181e+00 -1.41246286e+00  5.72481209e+00
  2.88885317e+00 -3.87802566e+00  4.01054743e+00
  2.42822225e+00 -4.03619322e+00  3.18326140e+00
  2.15952088e+00 -4.12845763e+00  2.70067788e+00
  1.13978580e+01  8.19668465e+00 -9.39345122e+00
  1.17162741e+01  8.71081338e+00 -8.64787573e+00
  1.20346903e+01  9.22494211e+00 -7.90230024e+00
  1.22204330e+01  9.52485054e+00 -7.46738120e+00
  1.10150447e+01  8.64027815e+00 -1.01538977e+01
  1.06322315e+01  9.08387164e+00 -1.09143441e+01
  1.04089237e+01  9.34263451e+00 -1.13579379e+01
  1.14622551e+01  7.23896242e+00 -9.37858025e+00
  1.15266523e+01  6.28124020e+00 -9.36370929e+00
  1.15642173e+01  5.72256890e+00 -9.35503456e+00
