  0.03976607  -3.90856483   4.90563104
   0.53982803  -3.25361303   5.39815127
   1.03988998  -2.59866122   5.89067149
   1.33159279  -2.216606     6.17797496
   0.49784772  -4.61464423   4.44388101
   0.95592936  -5.32072363   3.98213099
   1.22314366  -5.73260329   3.71277681
  -0.91837753  -3.85743724   4.87486084
  -1.87652113  -3.80630964   4.84409064
  -2.43543824  -3.77648521   4.82614135
  -3.29560039  -9.30066396   5.8564576 
  -3.02686146  -8.38562699   5.96639729
  -2.75812253  -7.47059002   6.07633698
  -2.60135816  -6.93681845   6.14046847
  -4.21261377  -9.5121465    5.66682221
  -5.12962716  -9.72362905   5.47718682
  -5.66455163  -9.84699387   5.36656618
  -2.64732593 -10.00421838   5.9361533 
  -1.99905147 -10.7077728    6.01584901
  -1.62089137 -11.11817954   6.06233816
  -5.82128706   2.57244925   9.43329559
  -5.66236202   1.63218103   9.54392336
  -5.50343698   0.69191281   9.65455113
  -5.4107307    0.14342301   9.719084  
  -5.64684376   2.99254138   8.58790093
  -5.47240046   3.41263351   7.74250626
  -5.37064186   3.65768725   7.24935938
  -6.1546554    3.09262534  10.16806248
  -6.48802375   3.61280143  10.90282937
  -6.68248861   3.91623748  11.33144339
  -4.6921231   14.05421654 -10.75820345
  -4.05719932  14.3164096  -11.42882002
  -3.42227554  14.57860266 -12.0994366 
  -3.05190334  14.73154861 -12.4906296 
  -5.59703422  14.37148405 -10.80377978
  -6.50194533  14.68875156 -10.84935611
  -7.02981015  14.87382428 -10.87594231
  -4.42213577  13.47475597 -10.04201053
  -4.15214844  12.89529539  -9.32581762
  -3.99465582  12.55727673  -8.90803843
 -11.84789024   3.63513237  12.4863437 
 -11.02795002   3.89210424  12.05825084
 -10.2080098    4.14907611  11.63015797
  -9.72971134   4.29897637  11.38043714
 -12.67367893   3.66255781  11.99754836
 -13.49946762   3.68998325  11.50875303
 -13.98117769   3.70598142  11.22362241
 -11.84204176   3.35073507  13.4032319 
 -11.83619328   3.06633776  14.32012009
 -11.83278167   2.90043933  14.85497154
  -3.53165102   0.33687374  -7.60332727
  -3.99437832   0.87178077  -8.25244814
  -4.45710562   1.4066878   -8.90156902
  -4.72702988   1.71871691  -9.28022286
  -3.00217026   0.759132    -6.92292439
  -2.4726895    1.18139027  -6.24252151
  -2.16382572   1.42770759  -5.84561983
  -3.59840449  -0.62029156  -7.63460927
  -3.66515795  -1.57745686  -7.66589128
  -3.70409747  -2.13580329  -7.68413911
  12.05610797 -12.09114662 -12.77059904
  12.60201718 -12.4925142  -12.09053492
  13.14792639 -12.89388178 -11.41047081
  13.46637343 -13.12801286 -11.01376674
  11.60421181 -12.64437967 -13.41194376
  11.15231565 -13.19761272 -14.05328849
  10.88870955 -13.520332   -14.42740624
  11.96209492 -11.13654599 -12.80931844
  11.86808187 -10.18194537 -12.84803783
  11.81324093  -9.625095   -12.87062414
  -7.34334686  -5.81452498  -6.93640987
  -7.00043697  -5.31692135  -6.19048532
  -6.65752709  -4.81931771  -5.44456077
  -6.45749633  -4.52904892  -5.00943812
  -7.85170118  -6.61496424  -6.78650033
  -8.36005549  -7.41540351  -6.63659079
  -8.65659551  -7.88232641  -6.54914355
  -7.17790242  -5.51168935  -7.83224396
  -7.01245798  -5.20885372  -8.72807805
  -6.91594873  -5.03219961  -9.25064794
  -0.88673608  -5.07631764  11.64066369
  -0.52195219  -5.12486342  12.52732936
  -0.1571683   -5.17340921  13.41399504
   0.0556223   -5.20172758  13.93121668
  -1.4613811   -5.7748878   11.31913168
  -2.03602612  -6.47345796  10.99759968
  -2.37123571  -6.88095722  10.81003934
  -0.67687495  -4.32920169  11.07553002
  -0.46701382  -3.58208574  10.51039635
  -0.34459483  -3.1462681   10.18073504
   8.17348653  -9.06581705  10.97781447
   7.70631987  -9.05595137  10.13920969
   7.2391532   -9.04608568   9.30060491
   6.96663931  -9.0403307    8.81141879
   7.72038403  -9.34606071  11.77641425
   7.26728152  -9.62630437  12.57501403
   7.00297173  -9.78977984  13.0408639 
   9.09375571  -8.79543908  11.01781946
  10.01402488  -8.52506111  11.05782446
  10.55084857  -8.36734063  11.08116071
 -12.01158404   6.59676994   2.30017043
 -12.27643668   6.33379249   1.41569548
 -12.54128932   6.07081505   0.53122052
 -12.69578669   5.91741154   0.0152768 
 -11.08496637   6.57493807   2.55017655
 -10.1583487    6.55310621   2.80018267
  -9.61782173   6.54037096   2.94601958
 -12.67334908   6.88157924   2.93463926
 -13.33511411   7.16638854   3.5691081 
 -13.72114371   7.3325273    3.93921492
  -3.67013707  12.12147307   3.34174427
  -3.65115344  13.03474776   3.04650036
  -3.63216982  13.94802244   2.75125645
  -3.62109604  14.48076601   2.57903083
  -4.31797236  11.84064973   3.99216544
  -4.96580765  11.55982638   4.6425866 
  -5.34371156  11.39601277   5.02199894
  -3.0412854   11.48902172   2.98656703
  -2.41243373  10.85657038   2.63138978
  -2.04560359  10.48764043   2.42420305
   4.82721559   8.00655509 -10.49020048
   4.72234753   7.08615047 -10.74210925
   4.61747947   6.16574585 -10.99401802
   4.55630644   5.62884316 -11.1409648 
   4.15713287   8.64987703 -10.73253506
   3.48705016   9.29319896 -10.97486964
   3.09616858   9.66847009 -11.11623148
   5.60216635   8.28363778  -9.99595713
   6.37711712   8.56072046  -9.50171378
   6.82917174   8.72235203  -9.21340515
   6.53072626   6.34420312  -7.43537756
   6.841264     6.01490853  -6.58877766
   7.15180174   5.68561395  -5.74217776
   7.33294876   5.49352544  -5.24832782
   5.84956585   7.01994093  -7.46698302
   5.16840544   7.69567875  -7.49858848
   4.77106187   8.08985914  -7.517025  
   6.90134892   5.99775989  -8.25037199
   7.27197159   5.65131666  -9.06536643
   7.48816814   5.44922478  -9.54077985
  -9.59741141  -6.17893982 -11.56357235
 -10.30431277  -6.74791532 -11.87687309
 -11.01121412  -7.31689082 -12.19017383
 -11.42357324  -7.6487932  -12.37293259
  -8.96458448  -5.81273427 -12.18568453
  -8.33175754  -5.44652872 -12.80779672
  -7.9626085   -5.23290881 -13.17069549
  -9.52333699  -5.97616986 -10.62815944
  -9.44926257  -5.77339991  -9.69274652
  -9.4060525   -5.65511744  -9.14708898
  12.80471429  12.62106282   3.34494129
  12.84103379  13.28785252   2.65525121
  12.8773533   13.95464221   1.96556114
  12.89853968  14.34360286   1.56324193
  12.72150897  12.88526192   4.2641125 
  12.63830364  13.14946102   5.18328371
  12.5897672   13.30357716   5.71946691
  12.85160011  11.69007403   3.11546016
  12.89848593  10.75908524   2.88597902
  12.92583599  10.21600845   2.75211503
  11.08108935 -10.36305766   8.8992406 
  10.38939869 -10.96079876   9.19227578
   9.69770803 -11.55853985   9.48531095
   9.29422182 -11.90722215   9.65624814
  10.8508346   -9.5127795    8.51765208
  10.62057985  -8.66250134   8.13606356
  10.48626458  -8.16650574   7.91347025
  12.00303476 -10.61559473   8.98779394
  12.92498017 -10.86813179   9.07634728
  13.46278166 -11.01544508   9.1280034 
   5.76421426  -2.66976832   1.54250742
   5.68009406  -1.80963988   1.12453271
   5.59597386  -0.94951143   0.706558  
   5.54690375  -0.44776984   0.46273942
   5.8725691   -3.45679587   1.0035762 
   5.98092394  -4.24382343   0.46464499
   6.04413093  -4.70292284   0.15026844
   5.73997961  -2.7428692    2.49941334
   5.71574497  -2.81597009   3.45631926
   5.70160809  -2.85861227   4.01451438
   0.33293484   8.25600373  -0.92165738
   1.15967627   7.77436142  -0.84343148
   1.9864177    7.29271911  -0.76520557
   2.46868354   7.0117611   -0.7195738 
  -0.46191978   7.91616901  -0.50414271
  -1.25677439   7.57633429  -0.08662804
  -1.72043959   7.37809737   0.15692218
   0.30104803   9.07748077  -1.41739796
   0.26916122   9.8989578   -1.91313853
   0.25056058  10.37815274  -2.20232053
  -0.20003703  -1.43488465  -4.13764128
  -0.31857434  -0.98883883  -4.97942037
  -0.43711166  -0.542793    -5.82119945
  -0.50625843  -0.28259961  -6.31223725
  -0.96330029  -1.64879208  -3.59609461
  -1.72656355  -1.8626995   -3.05454793
  -2.17180046  -1.98747884  -2.73864571
   0.68176356  -1.66702304  -3.83740887
   1.56356414  -1.89916144  -3.53717646
   2.07794781  -2.0345755   -3.36204089
   6.66598157   7.97474982  13.79802969
   7.3908356    7.34793809  13.85542044
   8.11568963   6.72112637  13.91281119
   8.53852114   6.35548619  13.94628913
   5.76830464   7.68868037  13.98225891
   4.87062771   7.40261092  14.16648813
   4.34698284   7.23573708  14.27395517
   6.83880447   8.88763099  13.55640971
   7.01162737   9.80051216  13.31478974
   7.11244072  10.33302618  13.17384475
   8.86936856  -6.85606977 -11.73017099
   9.10080979  -7.78540677 -11.79625963
   9.33225102  -8.71474376 -11.86234828
   9.4672584   -9.25685701 -11.90089999
   8.17431682  -6.49390333 -12.28455222
   7.47926508  -6.13173688 -12.83893345
   7.07381823  -5.92047313 -13.1623225 
   9.33297906  -6.28889922 -11.10970112
   9.79658957  -5.72172867 -10.48923124
  10.06702904  -5.39087918 -10.12729048
 -11.65692202   6.33316773  -2.2235564 
 -10.93369777   6.57002685  -1.63836887
 -10.21047353   6.80688597  -1.05318134
  -9.78859272   6.94505379  -0.71182195
 -12.49892916   6.05329607  -1.85709245
 -13.3409363    5.77342441  -1.49062849
 -13.83210713   5.61016594  -1.27685785
 -11.53813913   6.37618026  -3.17520788
 -11.41935623   6.4191928   -4.12685937
 -11.35006621   6.44428344  -4.6819894 
  -7.93643333  -8.78421623  13.17910711
  -8.22867312  -9.59437431  12.75503189
  -8.5209129  -10.40453239  12.33095666
  -8.69138611 -10.8771246   12.08357944
  -8.5084863   -8.33827358  13.80798751
  -9.08053928  -7.89233092  14.4368679 
  -9.41423684  -7.63219771  14.80371479
  -7.07214057  -8.42000081  12.97430195
  -6.20784782  -8.05578539  12.76949679
  -5.70367704  -7.84332639  12.65002711
  -6.13782853  -8.59302384   0.06477069
  -5.76414484  -9.47497099   0.12903373
  -5.39046115 -10.35691813   0.19329676
  -5.172479   -10.8713873    0.23078353
  -5.6420843   -7.8369718    0.38760653
  -5.14634008  -7.08091976   0.71044237
  -4.85715595  -6.6398894    0.89876327
  -7.00725643  -8.46712874  -0.32232818
  -7.87668434  -8.34123364  -0.70942705
  -8.38385062  -8.26779483  -0.93523473
  11.78923234  -1.18309109   0.17484296
  12.32158323  -1.31888078   0.96209367
  12.85393412  -1.45467048   1.74934439
  13.16447214  -1.53388113   2.20857397
  10.97719117  -1.68039116   0.0528521 
  10.16515     -2.17769124  -0.06913875
   9.69145931  -2.46778296  -0.14030008
  12.06892262  -0.55000131  -0.49041691
  12.3486129    0.08308846  -1.15567677
  12.51176556   0.45239083  -1.54374502
   4.62317326 -12.84723445   4.32123047
   5.19439755 -12.15728247   4.66658403
   5.76562184 -11.46733049   5.01193758
   6.09883601 -11.06485851   5.21339382
   4.16027378 -12.71604395   3.4905    
   3.6973743  -12.58485345   2.65976952
   3.4273496  -12.50832566   2.17517674
   4.51484845 -13.66837694   4.8066074 
   4.40652364 -14.48951942   5.29198432
   4.34333417 -14.9685192    5.57512086
   2.69209743  -4.57118153   0.93176172
   1.76845541  -4.75337092   0.74389892
   0.84481338  -4.93556031   0.55603611
   0.3060222   -5.04183745   0.44644948
   3.00283662  -3.66399356   0.97705121
   3.3135758   -2.75680558   1.0223407 
   3.49484032  -2.2276126    1.04875957
   3.30500028  -5.29618012   1.07433503
   3.91790312  -6.02117871   1.21690834
   4.27542978  -6.44409455   1.3000761 
  -9.25673461  -5.57515231  -2.94916551
  -8.5620712   -5.64520498  -2.29027601
  -7.8674078   -5.71525765  -1.6313865 
  -7.46218748  -5.7561217   -1.24703429
  -9.04000413  -5.3257087   -3.85050107
  -8.82327366  -5.07626509  -4.75183663
  -8.69684755  -4.93075632  -5.2776157 
 -10.16812848  -5.75454326  -2.70671946
 -11.07952236  -5.9339342   -2.46427341
 -11.61116879  -6.03857892  -2.32284655
   0.06419712 -10.28842879  11.44871516
  -0.72516101  -9.94605339  11.0229302 
  -1.51451913  -9.60367798  10.59714524
  -1.97497803  -9.40395899  10.34877067
   0.50141894  -9.77582189  12.13258008
   0.93864077  -9.26321498  12.816445  
   1.19368683  -8.96419428  13.21536621
   0.41633341 -11.14341111  11.1906352 
   0.76846971 -11.99839343  10.93255524
   0.97388255 -12.49713311  10.78200859
 -11.05622684   4.56110257  -6.776604  
 -10.27316853   4.95691378  -6.3870489 
  -9.49011022   5.35272498  -5.9974938 
  -9.03332621   5.58361485  -5.77025332
 -11.46315009   3.79578981  -6.36391785
 -11.87007333   3.03047705  -5.95123171
 -12.10744522   2.58404461  -5.71049813
 -11.43236191   4.93060413  -7.57884524
 -11.80849698   5.30010569  -8.38108648
 -12.0279091    5.51564827  -8.84906054
   7.73733063  -0.19288647  10.75209911
   8.53921226  -0.24424946  10.22679187
   9.34109389  -0.29561245   9.70148463
   9.80885818  -0.32557419   9.39505541
   7.25840467   0.63657272  10.81711738
   6.77947871   1.46603191  10.88213565
   6.50010523   1.9498831   10.92006297
   7.41437497  -0.97098268  11.21238808
   7.0914193   -1.74907888  11.67267705
   6.90302849  -2.20296833  11.94117895
   8.00690533   2.61689979   0.13126756
   8.75040677   2.39074007   0.69487859
   9.49390821   2.16458036   1.25848961
   9.92761738   2.03265386   1.58726272
   8.15003576   2.80739258  -0.79869275
   8.2931662    2.99788538  -1.72865306
   8.37665895   3.10900617  -2.27112991
   7.12027346   2.65256671   0.49761683
   6.23364159   2.68823364   0.86396611
   5.71643966   2.70903934   1.07766986
   2.89402922 -10.45809754  -1.20098581
   2.70904602 -10.11948722  -2.08003318
   2.52406282  -9.78087691  -2.95908055
   2.41615595  -9.58335422  -3.47185818
   3.38439355  -9.92202439  -0.57347613
   3.87475789  -9.38595125   0.05403355
   4.16080375  -9.07324191   0.42008086
   2.58864808 -11.332781    -0.94944813
   2.28326694 -12.20746446  -0.69791045
   2.10512794 -12.71769648  -0.55118013
   9.2367967    9.06171667  -7.64365577
   8.62920543   8.54462397  -7.10975691
   8.02161417   8.02753127  -6.57585805
   7.66718593   7.72589386  -6.26441705
   8.90004846   9.74343992  -8.2297053 
   8.56330022  10.42516316  -8.81575482
   8.36686375  10.82283505  -9.15761704
  10.1811362    8.89708613  -7.59150511
  11.1254757    8.73245559  -7.53935445
  11.67634041   8.63642111  -7.50893323
 -10.98183341  -7.3313398   -0.64465952
 -10.10956824  -7.31887142  -0.24391271
  -9.23730306  -7.30640304   0.15683409
  -8.72848171  -7.29912981   0.39060307
 -11.67546653  -6.762691    -0.30244374
 -12.36909964  -6.1940422    0.03977204
 -12.77371896  -5.8623304    0.23939791
 -11.16046547  -7.91245699  -1.3876221 
 -11.33909753  -8.49357418  -2.13058469
 -11.44329956  -8.8325592   -2.56397953
  -4.14978225  -3.97670834   9.46659285
  -3.75881871  -3.7143174    8.62999348
  -3.36785518  -3.45192647   7.79339411
  -3.13979312  -3.29886509   7.30537781
  -4.62588248  -3.33333614   9.99668792
  -5.10198272  -2.68996395  10.52678299
  -5.37970785  -2.3146635   10.83600512
  -4.06464555  -4.88247147   9.77309716
  -3.97950884  -5.78823461  10.07960146
  -3.92984577  -6.31659643  10.25839564
   1.03727458  11.84039354 -10.5566173 
   1.05190624  12.25376687 -11.42293618
   1.06653791  12.6671402  -12.28925506
   1.07507304  12.90827465 -12.79460774
   1.57364471  11.0625273  -10.38681974
   2.11001483  10.28466107 -10.21702219
   2.4228974    9.83090576 -10.11797361
   0.4862728   12.20488644  -9.86009597
  -0.06472899  12.56937934  -9.16357465
  -0.3861467   12.7820002   -8.75727054
  -9.77024053   0.81057418   3.317315  
  -9.15699402   1.24487704   2.71989576
  -8.54374752   1.67917991   2.12247652
  -8.1860204    1.93252324   1.77398196
  -9.94527848  -0.12890507   3.22598895
 -10.12031643  -1.06838433   3.1346629 
 -10.2224219   -1.61641389   3.08138937
 -10.20844908   1.31575057   4.0060603 
 -10.64665763   1.82092696   4.6948056 
 -10.90227928   2.11561318   5.09657369
   5.77505161  12.94570462  -3.6682154 
   4.88553716  13.02482711  -3.3159319 
   3.9960227   13.10394961  -2.96364839
   3.47713927  13.15010439  -2.75814968
   6.0956539   13.58360715  -4.31000551
   6.41625619  14.22150968  -4.95179561
   6.60327419  14.59361949  -5.32617317
   6.34396378  12.2286796   -3.37870881
   6.91287594  11.51165458  -3.08920221
   7.24474137  11.09338999  -2.92032336
   4.23819878  -9.40929133 -12.68782757
   5.00742287  -9.09897338 -12.20450876
   5.77664696  -8.78865544 -11.72118995
   6.22536102  -8.60763664 -11.43925398
   3.37388597  -9.03231538 -12.50768181
   2.50957316  -8.65533943 -12.32753604
   2.00539068  -8.43543679 -12.22245101
   4.3332875  -10.09658522 -13.35129215
   4.42837622 -10.78387911 -14.01475672
   4.48384464 -11.18480054 -14.40177773
 -13.05615395  -3.67933806   4.54247375
 -13.75012786  -3.84269926   3.89957925
 -14.44410176  -4.00606046   3.25668475
 -14.84891987  -4.10135449   2.88166296
 -12.65695068  -4.41355309   5.01487722
 -12.2577474   -5.14776811   5.48728068
 -12.02487882  -5.57606021   5.76284937
 -12.76138332  -2.78176183   4.71296478
 -12.46661269  -1.8841856    4.88345581
 -12.29466316  -1.36059947   4.98290892
   7.53314996 -12.93103226 -12.56928838
   8.40900478 -13.30703936 -12.68373045
   9.28485961 -13.68304645 -12.79817252
   9.79577492 -13.90238392 -12.8649304 
   6.78518603 -13.30407355 -13.04150672
   6.0372221  -13.67711483 -13.51372507
   5.60090981 -13.89472225 -13.78918577
   7.40525906 -12.18198388 -11.98262797
   7.27736816 -11.4329355  -11.39596755
   7.20276513 -10.99599061 -11.05374898
  11.95817868   9.33629021 -12.9045675 
  12.6023853    9.85881175 -13.38785733
  13.24659193  10.3813333  -13.87114716
  13.62237913  10.68613753 -14.15306623
  11.1872364    9.76018637 -12.52043206
  10.41629411  10.18408254 -12.13629662
   9.96657778  10.4313553  -11.91221761
  12.08491433   8.3898725  -12.80541312
  12.21164999   7.44345479 -12.70625873
  12.28557912   6.89137779 -12.64841867
   3.68636604  -2.24032958  -5.89908688
   2.73145167  -2.32957355  -5.85696742
   1.77653729  -2.41881752  -5.81484796
   1.2195039   -2.47087651  -5.79027827
   4.11634499  -1.48518428  -5.49107501
   4.54632393  -0.73003899  -5.08306313
   4.79714498  -0.28953757  -4.84505621
   4.21130147  -2.9062309   -6.34921822
   4.7362369   -3.57213223  -6.79934955
   5.04244924  -3.96057467  -7.06192617
  -2.65227536   4.44737672 -12.05406151
  -3.0705005    5.29578573 -11.89008016
  -3.48872565   6.14419474 -11.72609881
  -3.73269031   6.6391     -11.63044302
  -1.94702494   4.14082416 -11.47938998
  -1.24177452   3.8342716  -10.90471845
  -0.83037844   3.65544927 -10.56949339
  -2.93930064   3.90552028 -12.7927144 
  -3.22632592   3.36366383 -13.53136728
  -3.39375733   3.0475809  -13.96224813
 -11.12749207  -7.65217931   8.25174592
 -10.91058457  -6.81287255   8.66419629
 -10.69367708  -5.97356579   9.07664665
 -10.56714772  -5.48397018   9.3172427 
 -11.23376649  -8.43895973   8.79145169
 -11.34004091  -9.22574015   9.33115746
 -11.40203432  -9.68469539   9.64598582
 -11.23812513  -7.70470564   7.29958978
 -11.3487582   -7.75723198   6.34743365
 -11.41329416  -7.78787235   5.79200923
  -2.1153337  -11.61248309   1.9258493 
  -2.90080477 -12.15366565   2.03427738
  -3.68627583 -12.69484821   2.14270546
  -4.14446728 -13.01053803   2.20595517
  -1.26695161 -11.92834052   2.2453519 
  -0.41856952 -12.24419795   2.5648545 
   0.07632004 -12.42844811   2.75123101
  -2.17824473 -10.75544311   1.49791862
  -2.24115576  -9.89840312   1.06998794
  -2.27785386  -9.39846313   0.82036171
   8.5783166    0.60682635 -10.11167638
   7.82533403   0.13644836  -9.74648903
   7.07235146  -0.33392963  -9.38130169
   6.63311163  -0.60831679  -9.16827574
   8.46393903   1.48863502 -10.4735206 
   8.34956146   2.37044369 -10.83536482
   8.28284121   2.88483208 -11.04644062
   9.44567675   0.19539567 -10.1150195 
  10.31303689  -0.21603501 -10.11836262
  10.81899697  -0.45603624 -10.12031278
   7.73812438   7.01533574 -13.67753142
   6.82909867   6.86422128 -13.94667206
   5.92007296   6.71310683 -14.21581271
   5.38980797   6.62495673 -14.37281142
   7.97414685   7.82356404 -13.21638024
   8.21016933   8.63179233 -12.75522906
   8.3478491    9.10325884 -12.4862242 
   8.41112761   6.35822189 -13.86954195
   9.08413084   5.70110805 -14.06155248
   9.47671606   5.31779164 -14.17355863
