-8.83343619e+00 -3.66805835e+00 -8.54302129e+00
 -8.52420431e+00 -3.20890855e+00 -9.32734080e+00
 -8.21497242e+00 -2.74975875e+00 -1.01116603e+01
 -8.03458715e+00 -2.48192137e+00 -1.05691800e+01
 -9.22834458e+00 -4.53955465e+00 -8.62138937e+00
 -9.62325297e+00 -5.41105096e+00 -8.69975746e+00
 -9.85361619e+00 -5.91942380e+00 -8.74547217e+00
 -8.74775970e+00 -3.25571184e+00 -7.68033369e+00
 -8.66208320e+00 -2.84336533e+00 -6.81764609e+00
 -8.61210524e+00 -2.60282987e+00 -6.31441165e+00
 -1.38850283e+00 -6.87077947e+00  7.30694356e+00
 -1.79191169e+00 -6.09343414e+00  7.70012996e+00
 -2.19532054e+00 -5.31608882e+00  8.09331635e+00
 -2.43064238e+00 -4.86263738e+00  8.32267508e+00
 -1.13089997e+00 -6.86213577e+00  6.38219168e+00
 -8.73297102e-01 -6.85349208e+00  5.45743979e+00
 -7.23028765e-01 -6.84844992e+00  4.91800119e+00
 -1.24269683e+00 -7.65676849e+00  7.83850906e+00
 -1.09689084e+00 -8.44275751e+00  8.37007455e+00
 -1.01183734e+00 -8.90125110e+00  8.68015442e+00
  5.72351208e+00  4.76835167e+00 -1.00211287e+01
  5.01180435e+00  4.45581578e+00 -9.45775186e+00
  4.30009662e+00  4.14327988e+00 -8.89437506e+00
  3.88493377e+00  3.96096728e+00 -8.56573859e+00
  5.85210106e+00  5.71037365e+00 -1.01540176e+01
  5.98069004e+00  6.65239562e+00 -1.02869065e+01
  6.05570028e+00  7.20190844e+00 -1.03644251e+01
  6.30663083e+00  4.13886559e+00 -1.04516165e+01
  6.88974958e+00  3.50937951e+00 -1.08821044e+01
  7.22990218e+00  3.14217930e+00 -1.11332223e+01
  3.27988554e-01  9.07361055e+00 -1.02185180e+00
  2.18752106e-01  8.41177126e+00 -3.35094090e-01
  1.09515659e-01  7.74993197e+00  3.51663619e-01
  4.57943977e-02  7.36385905e+00  7.52272283e-01
  1.20785668e+00  9.31369893e+00 -1.32150102e+00
  2.08772480e+00  9.55378731e+00 -1.62115023e+00
  2.60098121e+00  9.69383886e+00 -1.79594561e+00
 -4.42643124e-01  9.49536146e+00 -1.40896029e+00
 -1.21327480e+00  9.91711237e+00 -1.79606879e+00
 -1.66280995e+00  1.01631337e+01 -2.02188207e+00
 -7.02076097e+00  8.53012784e+00  2.22471601e+00
 -6.66594430e+00  8.00613362e+00  2.94661295e+00
 -6.31112764e+00  7.48213939e+00  3.66850989e+00
 -6.10415125e+00  7.17647610e+00  4.08961643e+00
 -7.96793262e+00  8.55553036e+00  2.07037689e+00
 -8.91510428e+00  8.58093287e+00  1.91603777e+00
 -9.46762108e+00  8.59575101e+00  1.82600661e+00
 -6.42840597e+00  9.02871955e+00  1.65715820e+00
 -5.83605098e+00  9.52731125e+00  1.08960038e+00
 -5.49051057e+00  9.81815641e+00  7.58524990e-01
  5.95820318e+00  1.09721839e+01  4.66394902e+00
  5.04755693e+00  1.08097235e+01  4.92071746e+00
  4.13691068e+00  1.06472631e+01  5.17748590e+00
  3.60570037e+00  1.05524946e+01  5.32726749e+00
  6.15144509e+00  1.15363433e+01  3.91163143e+00
  6.34468701e+00  1.21005027e+01  3.15931383e+00
  6.45741146e+00  1.24295957e+01  2.72046190e+00
  6.67560751e+00  1.05704850e+01  5.15949818e+00
  7.39301184e+00  1.01687860e+01  5.65504734e+00
  7.81149770e+00  9.93446163e+00  5.94411768e+00
  9.88770370e-01 -6.21266928e+00 -4.99005972e+00
  3.40745953e-02 -6.18654727e+00 -4.89272720e+00
 -9.20621179e-01 -6.16042527e+00 -4.79539469e+00
 -1.47752705e+00 -6.14518743e+00 -4.73861738e+00
  1.38630955e+00 -6.74667048e+00 -5.68172823e+00
  1.78384874e+00 -7.28067168e+00 -6.37339673e+00
  2.01574660e+00 -7.59217238e+00 -6.77687002e+00
  1.54592696e+00 -5.70479009e+00 -4.39572374e+00
  2.10308355e+00 -5.19691089e+00 -3.80138776e+00
  2.42809156e+00 -4.90064803e+00 -3.45469177e+00
  7.32836597e+00  7.73613120e+00  6.98546301e+00
  8.16774668e+00  7.57454054e+00  6.54850937e+00
  9.00712739e+00  7.41294988e+00  6.11155573e+00
  9.49676613e+00  7.31868867e+00  5.85666610e+00
  7.28108157e+00  8.34965521e+00  7.72231610e+00
  7.23379717e+00  8.96317923e+00  8.45916918e+00
  7.20621461e+00  9.32106824e+00  8.88900015e+00
  6.53626966e+00  7.28419784e+00  6.68556357e+00
  5.74417335e+00  6.83226448e+00  6.38566413e+00
  5.28211717e+00  6.56863668e+00  6.21072279e+00
 -9.99507677e+00 -3.09436622e+00 -3.51693458e+00
 -9.27136397e+00 -3.10725800e+00 -4.14754824e+00
 -8.54765118e+00 -3.12014977e+00 -4.77816190e+00
 -8.12548538e+00 -3.12766998e+00 -5.14601987e+00
 -9.88044242e+00 -2.67031942e+00 -2.66332854e+00
 -9.76580807e+00 -2.24627262e+00 -1.80972250e+00
 -9.69893803e+00 -1.99891198e+00 -1.31178564e+00
 -1.08334239e+01 -3.50552125e+00 -3.73992696e+00
 -1.16717711e+01 -3.91667627e+00 -3.96291935e+00
 -1.21608069e+01 -4.15651671e+00 -4.09299824e+00
  8.63275983e+00  7.90998691e+00 -3.23657613e+00
  9.34723752e+00  8.28070684e+00 -3.75972847e+00
  1.00617152e+01  8.65142677e+00 -4.28288081e+00
  1.04784938e+01  8.86768006e+00 -4.58805301e+00
  7.79047020e+00  8.36733752e+00 -3.18199960e+00
  6.94818056e+00  8.82468812e+00 -3.12742308e+00
  6.45684495e+00  9.09147597e+00 -3.09558677e+00
  8.76057178e+00  7.08191638e+00 -2.76800031e+00
  8.88838373e+00  6.25384584e+00 -2.29942450e+00
  8.96294070e+00  5.77080470e+00 -2.02608860e+00
 -6.15005733e+00  6.87826286e+00 -8.23838408e+00
 -5.65662408e+00  6.17495163e+00 -8.66672616e+00
 -5.16319083e+00  5.47164039e+00 -9.09506824e+00
 -4.87535477e+00  5.06137551e+00 -9.34493445e+00
 -7.01004857e+00  7.13678749e+00 -8.57776598e+00
 -7.87003982e+00  7.39531212e+00 -8.91714788e+00
 -8.37170138e+00  7.54611816e+00 -9.11512066e+00
 -5.78349933e+00  7.32304946e+00 -7.47066009e+00
 -5.41694134e+00  7.76783606e+00 -6.70293611e+00
 -5.20311584e+00  8.02729491e+00 -6.25509712e+00
 -5.75627348e+00 -2.79389838e+00  9.67885947e+00
 -5.83739268e+00 -2.44233306e+00  1.05684782e+01
 -5.91851187e+00 -2.09076774e+00  1.14580970e+01
 -5.96583141e+00 -1.88568797e+00  1.19770412e+01
 -6.08019056e+00 -2.28669990e+00  8.93091065e+00
 -6.40410763e+00 -1.77950143e+00  8.18296183e+00
 -6.59305926e+00 -1.48363566e+00  7.74665836e+00
 -5.35123720e+00 -3.65266217e+00  9.53718955e+00
 -4.94620092e+00 -4.51142596e+00  9.39551963e+00
 -4.70992976e+00 -5.01237150e+00  9.31287885e+00
 -3.05330706e+00  5.34158956e-01  4.26610115e+00
 -3.61795597e+00 -2.35314510e-01  4.36945584e+00
 -4.18260488e+00 -1.00478798e+00  4.47281054e+00
 -4.51198341e+00 -1.45364750e+00  4.53310079e+00
 -3.44322693e+00  1.40557709e+00  4.16514110e+00
 -3.83314680e+00  2.27699523e+00  4.06418105e+00
 -4.06060005e+00  2.78532247e+00  4.00528768e+00
 -2.09873828e+00  4.32214288e-01  4.26370649e+00
 -1.14416951e+00  3.30269619e-01  4.26131184e+00
 -5.87337719e-01  2.70801896e-01  4.25991497e+00
 -8.52673947e+00  7.13483497e-01  7.19312035e+00
 -8.35480198e+00  5.88103906e-01  6.25700206e+00
 -8.18286450e+00  4.62724315e-01  5.32088377e+00
 -8.08256763e+00  3.89586220e-01  4.77481476e+00
 -8.32961471e+00  1.55611266e+00  7.60871381e+00
 -8.13248995e+00  2.39874183e+00  8.02430726e+00
 -8.01750051e+00  2.89027551e+00  8.26673678e+00
 -8.89580171e+00 -3.76607726e-03  7.71364519e+00
 -9.26486396e+00 -7.21015651e-01  8.23417003e+00
 -9.48015027e+00 -1.13941124e+00  8.53780952e+00
  9.30662559e+00 -2.37969322e+00 -8.84399496e+00
  8.76271187e+00 -2.93372716e+00 -8.27936740e+00
  8.21879816e+00 -3.48776109e+00 -7.71473985e+00
  7.90151516e+00 -3.81094755e+00 -7.38537378e+00
  9.47883756e+00 -2.64173652e+00 -9.75134073e+00
  9.65104954e+00 -2.90377981e+00 -1.06586865e+01
  9.75150652e+00 -3.05663840e+00 -1.11879715e+01
  9.67832733e+00 -1.56361600e+00 -8.50127674e+00
  1.00500291e+01 -7.47538773e-01 -8.15855852e+00
  1.02668551e+01 -2.71493725e-01 -7.95863956e+00
 -5.89000451e+00 -2.10073065e+00  1.92069902e+00
 -5.32762858e+00 -2.86009415e+00  1.75128711e+00
 -4.76525265e+00 -3.61945764e+00  1.58187521e+00
 -4.43720003e+00 -4.06241968e+00  1.48305159e+00
 -6.41333835e+00 -2.06081196e+00  2.72452002e+00
 -6.93667218e+00 -2.02089327e+00  3.52834102e+00
 -7.24195026e+00 -1.99760736e+00  3.99723660e+00
 -5.92904661e+00 -1.38128585e+00  1.28628994e+00
 -5.96808870e+00 -6.61841044e-01  6.51880849e-01
 -5.99086326e+00 -2.42164909e-01  2.81808882e-01
  3.16066405e+00  7.07076168e+00  1.50756973e+00
  2.21114274e+00  6.93378336e+00  1.47226781e+00
  1.26162143e+00  6.79680504e+00  1.43696590e+00
  7.07734000e-01  6.71690102e+00  1.41637311e+00
  3.52986544e+00  7.72011904e+00  2.11058329e+00
  3.89906683e+00  8.36947639e+00  2.71359686e+00
  4.11443430e+00  8.74826818e+00  3.06535477e+00
  3.74098396e+00  6.55838265e+00  9.39858075e-01
  4.32130388e+00  6.04600362e+00  3.72146423e-01
  4.65982383e+00  5.74711585e+00  4.09812929e-02
 -1.90456876e+00  6.96026197e+00 -3.65777882e+00
 -2.82494650e+00  7.21982142e+00 -3.74224013e+00
 -3.74532423e+00  7.47938087e+00 -3.82670144e+00
 -4.28221125e+00  7.63079055e+00 -3.87597054e+00
 -1.65065738e+00  6.29471357e+00 -3.01421504e+00
 -1.39674599e+00  5.62916517e+00 -2.37065127e+00
 -1.24863102e+00  5.24092860e+00 -1.99523907e+00
 -1.23810240e+00  7.36625093e+00 -4.21688128e+00
 -5.71636048e-01  7.77223989e+00 -4.77598375e+00
 -1.82864008e-01  8.00906678e+00 -5.10212685e+00
  2.54542209e+00 -2.52804694e+00 -5.08917214e+00
  1.87427383e+00 -2.32650857e+00 -4.43301492e+00
  1.20312558e+00 -2.12497019e+00 -3.77685769e+00
  8.11622431e-01 -2.00740614e+00 -3.39409931e+00
  2.30615698e+00 -2.59139574e+00 -6.01671682e+00
  2.06689187e+00 -2.65474454e+00 -6.94426151e+00
  1.92732056e+00 -2.69169800e+00 -7.48532924e+00
  3.45583545e+00 -2.66623651e+00 -4.81778469e+00
  4.36624881e+00 -2.80442608e+00 -4.54639723e+00
  4.89732327e+00 -2.88503667e+00 -4.38808788e+00
  7.88997463e+00  3.78189006e+00  6.48593875e+00
  7.73586106e+00  3.74526917e+00  5.53909773e+00
  7.58174749e+00  3.70864828e+00  4.59225671e+00
  7.49184791e+00  3.68728609e+00  4.03993278e+00
  8.37894269e+00  3.07909303e+00  6.92020430e+00
  8.86791075e+00  2.37629600e+00  7.35446985e+00
  9.15314212e+00  1.96633107e+00  7.60779143e+00
  7.55512015e+00  4.52130798e+00  6.99851421e+00
  7.22026566e+00  5.26072591e+00  7.51108968e+00
  7.02493388e+00  5.69205303e+00  7.81009204e+00
  1.01220337e+01  8.52900594e+00  1.02601947e+01
  1.06493792e+01  8.16232382e+00  9.54671666e+00
  1.11767248e+01  7.79564171e+00  8.83323864e+00
  1.14843430e+01  7.58174380e+00  8.41704313e+00
  1.04111015e+01  9.32637848e+00  1.07099022e+01
  1.07001694e+01  1.01237510e+01  1.11596096e+01
  1.08687923e+01  1.05888850e+01  1.14219390e+01
  9.30562025e+00  8.09831553e+00  1.05239652e+01
  8.48920683e+00  7.66762511e+00  1.07877358e+01
  8.01296568e+00  7.41638903e+00  1.09416019e+01
 -5.36351277e+00  4.04132123e+00 -4.57420217e+00
 -5.19981085e+00  3.54888137e+00 -5.38185598e+00
 -5.03610892e+00  3.05644151e+00 -6.18950978e+00
 -4.94061614e+00  2.76918493e+00 -6.66064116e+00
 -5.54638766e+00  4.98286694e+00 -4.61480325e+00
 -5.72926256e+00  5.92441265e+00 -4.65540432e+00
 -5.83593958e+00  6.47364765e+00 -4.67908828e+00
 -5.34433980e+00  3.59221538e+00 -3.72594730e+00
 -5.32516683e+00  3.14310953e+00 -2.87769243e+00
 -5.31398260e+00  2.88113112e+00 -2.38287708e+00
 -5.94955077e+00 -6.11911054e+00 -4.78316360e+00
 -5.97137415e+00 -6.02376939e+00 -5.73816821e+00
 -5.99319754e+00 -5.92842823e+00 -6.69317282e+00
 -6.00592785e+00 -5.87281255e+00 -7.25025884e+00
 -6.68793177e+00 -5.81043382e+00 -4.25296347e+00
 -7.42631277e+00 -5.50175710e+00 -3.72276333e+00
 -7.85703502e+00 -5.32169568e+00 -3.41347992e+00
 -5.18934638e+00 -6.52312842e+00 -4.35835912e+00
 -4.42914199e+00 -6.92714631e+00 -3.93355464e+00
 -3.98568944e+00 -7.16282340e+00 -3.68575203e+00
  4.99547742e+00 -8.63140245e+00 -4.03737233e+00
  4.79754643e+00 -7.98782857e+00 -3.35309462e+00
  4.59961544e+00 -7.34425469e+00 -2.66881691e+00
  4.48415570e+00 -6.96883659e+00 -2.26965492e+00
  4.60365088e+00 -8.54104939e+00 -4.90909952e+00
  4.21182433e+00 -8.45069634e+00 -5.78082670e+00
  3.98325885e+00 -8.39799039e+00 -6.28933423e+00
  5.58523495e+00 -9.36532939e+00 -3.84992286e+00
  6.17499248e+00 -1.00992563e+01 -3.66247338e+00
  6.51901771e+00 -1.05273804e+01 -3.55312785e+00
 -1.11583545e+00 -8.63220371e+00 -1.32260502e+00
 -1.99974730e+00 -8.84640718e+00 -1.62987803e+00
 -2.88365916e+00 -9.06061066e+00 -1.93715105e+00
 -3.39927440e+00 -9.18556269e+00 -2.11639365e+00
 -9.26858191e-01 -7.75680155e+00 -9.76832469e-01
 -7.37880932e-01 -6.88139939e+00 -6.31059922e-01
 -6.27644197e-01 -6.37074813e+00 -4.29359269e-01
 -4.20900858e-01 -9.29340239e+00 -1.36110454e+00
  2.74033735e-01 -9.95460107e+00 -1.39960407e+00
  6.79412247e-01 -1.03403003e+01 -1.42206213e+00
  5.83792467e+00  9.51006397e+00 -1.02291154e+01
  6.46343434e+00  8.85399828e+00 -9.91302134e+00
  7.08894401e+00  8.19793258e+00 -9.59692729e+00
  7.45382466e+00  7.81522759e+00 -9.41253909e+00
  5.82171271e+00  1.03860451e+01 -9.83669446e+00
  5.80550076e+00  1.12620263e+01 -9.44427353e+00
  5.79604378e+00  1.17730153e+01 -9.21536132e+00
  5.22862695e+00  9.29014852e+00 -1.09376304e+01
  4.61932923e+00  9.07023306e+00 -1.16461454e+01
  4.26390556e+00  8.94194904e+00 -1.20594458e+01
 -6.71510689e+00 -9.99000553e+00 -8.48293167e-01
 -5.79830643e+00 -9.70953642e+00 -8.97425668e-01
 -4.88150598e+00 -9.42906730e+00 -9.46558169e-01
 -4.34670571e+00 -9.26546032e+00 -9.75218795e-01
 -7.24732500e+00 -1.00330064e+01 -1.64609941e+00
 -7.77954312e+00 -1.00760072e+01 -2.44390566e+00
 -8.09000369e+00 -1.01010910e+01 -2.90929263e+00
 -7.09968922e+00 -1.02274738e+01 -1.35442143e-03
 -7.48427156e+00 -1.04649421e+01  8.45584325e-01
 -7.70861126e+00 -1.06034653e+01  1.33963193e+00
 -6.43024745e+00  5.23139371e+00  4.80735157e+00
 -5.55282648e+00  5.62091129e+00  4.81026420e+00
 -4.67540550e+00  6.01042886e+00  4.81317683e+00
 -4.16357659e+00  6.23764745e+00  4.81487586e+00
 -6.62619461e+00  4.49413718e+00  4.22455012e+00
 -6.82214176e+00  3.75688066e+00  3.64174867e+00
 -6.93644426e+00  3.32681435e+00  3.30178116e+00
 -7.11172128e+00  5.57913266e+00  5.38724039e+00
 -7.79319511e+00  5.92687161e+00  5.96712921e+00
 -8.19072151e+00  6.12971933e+00  6.30539769e+00
  4.03616637e+00  8.35333201e+00  8.45601331e+00
  4.21815401e+00  8.84193349e+00  7.64994315e+00
  4.40014166e+00  9.33053497e+00  6.84387300e+00
  4.50630112e+00  9.61555250e+00  6.37366541e+00
  4.75174053e+00  8.13781642e+00  9.05859662e+00
  5.46731469e+00  7.92230084e+00  9.66117993e+00
  5.88473296e+00  7.79658341e+00  1.00126869e+01
  3.13860456e+00  8.08024612e+00  8.65950015e+00
  2.24104275e+00  7.80716023e+00  8.86298699e+00
  1.71746503e+00  7.64786012e+00  8.98168765e+00
  2.09309909e+00  2.53985117e+00 -2.55324773e-01
  1.65005644e+00  3.38424185e+00 -1.44340121e-01
  1.20701378e+00  4.22863253e+00 -3.33554684e-02
  9.48572236e-01  4.72119375e+00  3.13855788e-02
  1.86075304e+00  1.96896115e+00 -9.91327418e-01
  1.62840699e+00  1.39807113e+00 -1.72733006e+00
  1.49287179e+00  1.06505195e+00 -2.15666494e+00
  2.76848779e+00  2.26635052e+00  3.69693221e-01
  3.44387649e+00  1.99284986e+00  9.94711214e-01
  3.83785324e+00  1.83330782e+00  1.35930504e+00
  1.02332913e-02 -1.00809827e+01 -6.92474419e+00
  1.29316256e-01 -1.01018441e+01 -5.97238709e+00
  2.48399220e-01 -1.01227055e+01 -5.02002999e+00
  3.17864283e-01 -1.01348747e+01 -4.46448834e+00
  7.74130248e-01 -1.01188114e+01 -7.50494281e+00
  1.53802720e+00 -1.01566400e+01 -8.08514142e+00
  1.98363376e+00 -1.01787067e+01 -8.42359062e+00
 -8.72746630e-01 -1.00222927e+01 -7.29690268e+00
 -1.75572655e+00 -9.96360265e+00 -7.66906116e+00
 -2.27079817e+00 -9.92936680e+00 -7.88615361e+00
  6.60360773e+00  8.52510908e+00  1.28428550e+00
  7.19999284e+00  8.38252145e+00  5.45642446e-01
  7.79637796e+00  8.23993381e+00 -1.93000609e-01
  8.14426927e+00  8.15675770e+00 -6.23875725e-01
  6.95472739e+00  8.62722852e+00  2.17191527e+00
  7.30584704e+00  8.72934797e+00  3.05954504e+00
  7.51066684e+00  8.78891765e+00  3.57732907e+00
  5.65610296e+00  8.56557726e+00  1.13529879e+00
  4.70859820e+00  8.60604545e+00  9.86312075e-01
  4.15588708e+00  8.62965189e+00  8.99403159e-01
  1.86902445e+00 -5.59946172e+00  5.40243684e+00
  1.94727384e+00 -6.23496441e+00  6.11770837e+00
  2.02552324e+00 -6.87046711e+00  6.83297989e+00
  2.07116872e+00 -7.24117701e+00  7.25022162e+00
  2.17855319e+00 -5.82658816e+00  4.52254734e+00
  2.48808193e+00 -6.05371461e+00  3.64265784e+00
  2.66864037e+00 -6.18620504e+00  3.12938896e+00
  1.48124631e+00 -4.73683257e+00  5.56705481e+00
  1.09346816e+00 -3.87420343e+00  5.73167279e+00
  8.67264249e-01 -3.37100310e+00  5.82769994e+00
  6.79104681e+00  1.41975506e+00 -7.12188527e+00
  6.91742537e+00  8.52116475e-01 -7.88570128e+00
  7.04380394e+00  2.84477887e-01 -8.64951728e+00
  7.11752477e+00 -4.66446221e-02 -9.09507662e+00
  7.05421599e+00  1.11668380e+00 -6.24982461e+00
  7.31738517e+00  8.13612533e-01 -5.37776396e+00
  7.47090053e+00  6.36820961e-01 -4.86906190e+00
  6.40149906e+00  2.29046491e+00 -7.23012992e+00
  6.01195131e+00  3.16117477e+00 -7.33837457e+00
  5.78471512e+00  3.66908885e+00 -7.40151728e+00
  7.73528919e+00  6.67036080e+00 -7.45270842e+00
  8.17807758e+00  5.89035744e+00 -7.11046116e+00
  8.62086597e+00  5.11035407e+00 -6.76821389e+00
  8.87915920e+00  4.65535211e+00 -6.56856966e+00
  6.97173434e+00  6.57575820e+00 -8.02684632e+00
  6.20817948e+00  6.48115559e+00 -8.60098422e+00
  5.76277248e+00  6.42597074e+00 -8.93589799e+00
  8.05605566e+00  7.54496677e+00 -7.22081779e+00
  8.37682213e+00  8.41957275e+00 -6.98892715e+00
  8.56393590e+00  8.92975956e+00 -6.85365762e+00
 -7.65678788e+00  1.08701424e+01 -9.08823280e+00
 -7.73243949e+00  1.00111344e+01 -8.66635344e+00
 -7.80809111e+00  9.15212647e+00 -8.24447408e+00
 -7.85222122e+00  8.65103851e+00 -7.99837779e+00
 -8.35225133e+00  1.11808720e+01 -9.67250815e+00
 -9.04771478e+00  1.14916016e+01 -1.02567835e+01
 -9.45340179e+00  1.16728606e+01 -1.05976108e+01
 -6.88567281e+00  1.14184207e+01 -8.92583681e+00
 -6.11455775e+00  1.19666990e+01 -8.76344082e+00
 -5.66474062e+00  1.22865280e+01 -8.66870982e+00
  6.32388884e+00 -2.53111557e-01  5.30159057e+00
  6.41005064e+00  6.90894662e-01  5.14983945e+00
  6.49621245e+00  1.63490088e+00  4.99808833e+00
  6.54647350e+00  2.18557117e+00  4.90956684e+00
  6.60939086e+00 -8.75468539e-01  4.62871585e+00
  6.89489289e+00 -1.49782552e+00  3.95584114e+00
  7.06143574e+00 -1.86086709e+00  3.56333089e+00
  5.95222501e+00 -5.74760795e-01  6.12621640e+00
  5.58056118e+00 -8.96410032e-01  6.95084223e+00
  5.36375728e+00 -1.08403875e+00  7.43187397e+00
  8.17604296e+00  2.96385495e+00  3.32329431e-01
  8.86766473e+00  2.46010587e+00 -1.02982154e-01
  9.55928651e+00  1.95635678e+00 -5.38293739e-01
  9.96273255e+00  1.66250315e+00 -7.92225497e-01
  8.40632376e+00  3.69090719e+00  9.15395292e-01
  8.63660457e+00  4.41795942e+00  1.49846115e+00
  8.77093504e+00  4.84207322e+00  1.83858291e+00
  7.25414037e+00  2.74055180e+00  1.84575154e-01
  6.33223778e+00  2.51724865e+00  3.68208778e-02
  5.79446128e+00  2.38698848e+00 -4.93691168e-02
  5.60744296e+00  1.37231193e+00  9.30316544e+00
  4.78363975e+00  9.96197424e-01  8.98459653e+00
  3.95983654e+00  6.20082918e-01  8.66602761e+00
  3.47928467e+00  4.00682790e-01  8.48019575e+00
  6.42282523e+00  8.70391720e-01  9.23368265e+00
  7.23820750e+00  3.68471510e-01  9.16419986e+00
  7.71384715e+00  7.56847207e-02  9.12366824e+00
  5.61586390e+00  2.25034665e+00  9.69121715e+00
  5.62428484e+00  3.12838136e+00  1.00792689e+01
  5.62919705e+00  3.64056828e+00  1.03056323e+01
 -1.75602359e+00  3.90299760e+00  3.23418597e+00
 -1.77119309e+00  4.71263028e+00  3.74980676e+00
 -1.78636260e+00  5.52226297e+00  4.26542756e+00
 -1.79521147e+00  5.99454870e+00  4.56620636e+00
 -1.29480693e+00  3.12998966e+00  3.56785932e+00
 -8.33590274e-01  2.35698171e+00  3.90153268e+00
 -5.64547222e-01  1.90606041e+00  4.09617547e+00
 -2.20207075e+00  3.86637287e+00  2.38489181e+00
 -2.64811791e+00  3.82974813e+00  1.53559766e+00
 -2.90831209e+00  3.80838370e+00  1.04017607e+00
 -9.16135401e+00 -9.65831969e+00  4.74621180e+00
 -1.00726908e+01 -9.61285641e+00  5.04453784e+00
 -1.09840275e+01 -9.56739313e+00  5.34286388e+00
 -1.15156406e+01 -9.54087288e+00  5.51688740e+00
 -8.49712364e+00 -1.00814321e+01  5.29518710e+00
 -7.83289327e+00 -1.05045446e+01  5.84416239e+00
 -7.44542555e+00 -1.07513602e+01  6.16439798e+00
 -8.91424764e+00 -9.28067053e+00  3.89891047e+00
 -8.66714127e+00 -8.90302137e+00  3.05160913e+00
 -8.52299588e+00 -8.68272602e+00  2.55735002e+00
 -7.22734986e+00  1.03301014e+01 -5.35091574e+00
 -7.58565010e+00  1.06094354e+01 -4.50522463e+00
 -7.94395034e+00  1.08887694e+01 -3.65953352e+00
 -8.15295881e+00  1.10517142e+01 -3.16621370e+00
 -6.57913312e+00  9.62294482e+00 -5.38758505e+00
 -5.93091638e+00  8.91578824e+00 -5.42425437e+00
 -5.55278995e+00  8.50328024e+00 -5.44564480e+00
 -7.51726636e+00  1.07579240e+01 -6.15993754e+00
 -7.80718286e+00  1.11857465e+01 -6.96895933e+00
 -7.97630082e+00  1.14353097e+01 -7.44088871e+00
  1.01621223e+01  5.67705427e+00  3.67350858e+00
  1.03284391e+01  4.83714892e+00  3.23934534e+00
  1.04947559e+01  3.99724357e+00  2.80518209e+00
  1.05917740e+01  3.50729878e+00  2.55192019e+00
  1.08074334e+01  6.38516103e+00  3.61220311e+00
  1.14527445e+01  7.09326780e+00  3.55089764e+00
  1.18291760e+01  7.50633008e+00  3.51513611e+00
  9.35049438e+00  5.80885285e+00  4.16897730e+00
  8.53886646e+00  5.94065144e+00  4.66444602e+00
  8.06541684e+00  6.01753394e+00  4.95346944e+00
 -1.08472651e+01 -6.93341974e+00 -9.24525965e+00
 -1.03114932e+01 -7.07361752e+00 -1.00294108e+01
 -9.77572124e+00 -7.21381531e+00 -1.08135619e+01
 -9.46318761e+00 -7.29559735e+00 -1.12709834e+01
 -1.14296402e+01 -6.17212885e+00 -9.19163675e+00
 -1.20120154e+01 -5.41083796e+00 -9.13801385e+00
 -1.23517342e+01 -4.96675161e+00 -9.10673382e+00
 -1.08006620e+01 -7.55451284e+00 -8.51473142e+00
 -1.07540588e+01 -8.17560594e+00 -7.78420318e+00
 -1.07268736e+01 -8.53791026e+00 -7.35806171e+00
  4.39958067e-02 -5.10457540e+00  1.15025068e+01
 -2.93841175e-01 -4.25081847e+00  1.12222118e+01
 -6.31678156e-01 -3.39706154e+00  1.09419168e+01
 -8.28749728e-01 -2.89903666e+00  1.07784114e+01
  9.83681026e-01 -5.22036759e+00  1.16612010e+01
  1.92336624e+00 -5.33615978e+00  1.18198952e+01
  2.47151596e+00 -5.40370523e+00  1.19124669e+01
 -5.57852431e-01 -5.84254014e+00  1.16241075e+01
 -1.15970067e+00 -6.58050488e+00  1.17457083e+01
 -1.51077881e+00 -7.01098431e+00  1.18166421e+01
 -3.73925819e+00 -1.60823049e+00 -5.68068512e+00
 -4.48609850e+00 -1.95161380e+00 -6.17658577e+00
 -5.23293881e+00 -2.29499711e+00 -6.67248642e+00
 -5.66859566e+00 -2.49530404e+00 -6.96176180e+00
 -2.88694803e+00 -1.50107374e+00 -6.10926981e+00
 -2.03463787e+00 -1.39391700e+00 -6.53785449e+00
 -1.53745695e+00 -1.33140889e+00 -6.78786222e+00
 -3.84472803e+00 -1.37200393e+00 -4.75619979e+00
 -3.95019787e+00 -1.13577737e+00 -3.83171447e+00
 -4.01172195e+00 -9.97978545e-01 -3.29243136e+00
  4.91950548e+00 -7.93963239e+00  7.92849630e+00
  4.97939038e+00 -8.74849263e+00  8.44207095e+00
  5.03927529e+00 -9.55735286e+00  8.95564559e+00
  5.07420815e+00 -1.00291880e+01  9.25523080e+00
  4.66356948e+00 -7.97591639e+00  7.00395304e+00
  4.40763347e+00 -8.01220038e+00  6.07940979e+00
  4.25833747e+00 -8.03336604e+00  5.54009289e+00
  5.11555657e+00 -7.09448816e+00  8.33946491e+00
  5.31160767e+00 -6.24934393e+00  8.75043352e+00
  5.42597081e+00 -5.75634313e+00  8.99016521e+00
  7.32268612e+00 -1.11437639e+01  1.02893917e+01
  7.82777182e+00 -1.11042650e+01  9.47396040e+00
  8.33285752e+00 -1.10647660e+01  8.65852906e+00
  8.62749085e+00 -1.10417250e+01  8.18286078e+00
  7.71019668e+00 -1.15354204e+01  1.10755475e+01
  8.09770723e+00 -1.19270768e+01  1.18617032e+01
  8.32375505e+00 -1.21555430e+01  1.23202940e+01
  6.43008987e+00 -1.07916065e+01  1.03186674e+01
  5.53749362e+00 -1.04394490e+01  1.03479430e+01
  5.01681247e+00 -1.02340239e+01  1.03650204e+01
  8.42765419e+00 -6.74531098e+00 -2.04817862e+00
  9.04384648e+00 -6.04644188e+00 -1.81690167e+00
  9.66003877e+00 -5.34757277e+00 -1.58562471e+00
  1.00194843e+01 -4.93989912e+00 -1.45071315e+00
  7.59998616e+00 -6.53049871e+00 -2.48455155e+00
  6.77231814e+00 -6.31568644e+00 -2.92092447e+00
  6.28951179e+00 -6.19037928e+00 -3.17547534e+00
  8.63912992e+00 -7.65899236e+00 -1.84308265e+00
  8.85060565e+00 -8.57267374e+00 -1.63798669e+00
  8.97396650e+00 -9.10565454e+00 -1.51834737e+00
  1.05866326e+01 -3.28579872e+00  1.10339946e+00
  1.03692260e+01 -2.38075309e+00  1.33840325e+00
  1.01518194e+01 -1.47570745e+00  1.57340704e+00
  1.00249989e+01 -9.47764168e-01  1.71049259e+00
  1.06383583e+01 -3.54271394e+00  1.79863311e-01
  1.06900840e+01 -3.79962915e+00 -7.43672841e-01
  1.07202573e+01 -3.94949636e+00 -1.28240226e+00
  1.07523134e+01 -3.93392914e+00  1.79193182e+00
  1.09179943e+01 -4.58205956e+00  2.48046418e+00
  1.10146415e+01 -4.96013564e+00  2.88210806e+00
 -8.03996343e-01  9.38937656e+00  2.17826971e+00
 -1.63550635e+00  9.15390776e+00  2.59629549e+00
 -2.46701636e+00  8.91843897e+00  3.01432127e+00
 -2.95206387e+00  8.78108217e+00  3.25816964e+00
 -4.19216101e-03  9.45692041e+00  2.70491105e+00
  7.95612021e-01  9.52446426e+00  3.23155239e+00
  1.26216446e+00  9.56386484e+00  3.53875984e+00
 -7.72290516e-01  9.55730150e+00  1.23360260e+00
 -7.40584688e-01  9.72522644e+00  2.88935489e-01
 -7.22089621e-01  9.82318266e+00 -2.62120327e-01
  1.06816401e+01 -5.93549275e+00 -4.84248834e+00
  1.00849148e+01 -5.21178002e+00 -4.63813867e+00
  9.48818951e+00 -4.48806729e+00 -4.43378900e+00
  9.14009975e+00 -4.06590153e+00 -4.31458502e+00
  1.06685924e+01 -6.33673967e+00 -5.71451510e+00
  1.06555448e+01 -6.73798659e+00 -6.58654186e+00
  1.06479336e+01 -6.97204730e+00 -7.09522413e+00
  1.12914131e+01 -6.25795856e+00 -4.17481126e+00
  1.19011861e+01 -6.58042437e+00 -3.50713417e+00
  1.22568871e+01 -6.76852942e+00 -3.11765587e+00
 -4.99486527e+00 -5.99457687e+00  1.02403073e+01
 -4.07332202e+00 -6.18851883e+00  1.00539084e+01
 -3.15177876e+00 -6.38246079e+00  9.86750949e+00
 -2.61421187e+00 -6.49559360e+00  9.75877680e+00
 -5.25245626e+00 -5.67756292e+00  1.11090702e+01
 -5.51004725e+00 -5.36054896e+00  1.19778332e+01
 -5.66030866e+00 -5.17562415e+00  1.24846115e+01
 -5.65881753e+00 -6.11764887e+00  9.55794325e+00
 -6.32276980e+00 -6.24072086e+00  8.87557921e+00
 -6.71007528e+00 -6.31251286e+00  8.47753353e+00
 -4.13809607e+00 -9.16936166e+00  2.82426733e+00
 -4.58553802e+00 -1.00141166e+01  2.91249914e+00
 -5.03297997e+00 -1.08588715e+01  3.00073096e+00
 -5.29398777e+00 -1.13516452e+01  3.05219952e+00
 -4.60857917e+00 -8.41180337e+00  2.46880832e+00
 -5.07906226e+00 -7.65424509e+00  2.11334931e+00
 -5.35351073e+00 -7.21233609e+00  1.90599822e+00
 -3.22017104e+00 -9.08216503e+00  3.09149452e+00
 -2.30224600e+00 -8.99496841e+00  3.35872172e+00
 -1.76678973e+00 -8.94410372e+00  3.51460425e+00
 -5.00443935e+00 -6.95716598e+00 -1.06559236e+00
 -5.94230565e+00 -6.81432466e+00 -1.21257248e+00
 -6.88017195e+00 -6.67148335e+00 -1.35955260e+00
 -7.42726063e+00 -6.58815925e+00 -1.44529100e+00
 -4.35953049e+00 -6.54525950e+00 -1.64526953e+00
 -3.71462164e+00 -6.13335302e+00 -2.22494670e+00
 -3.33842481e+00 -5.89307424e+00 -2.56309172e+00
 -4.71148190e+00 -7.51191377e+00 -3.38935065e-01
 -4.41852445e+00 -8.06666156e+00  3.87722227e-01
 -4.24763260e+00 -8.39026444e+00  8.11605647e-01
 -9.84255863e+00  8.59763651e+00  5.18084373e+00
 -1.02492599e+01  7.75441189e+00  4.96832011e+00
 -1.06559612e+01  6.91118727e+00  4.75579649e+00
 -1.08932037e+01  6.41930624e+00  4.63182438e+00
 -9.74320174e+00  8.86517208e+00  6.09744229e+00
 -9.64384486e+00  9.13270765e+00  7.01404085e+00
 -9.58588667e+00  9.28877006e+00  7.54872335e+00
 -9.53521421e+00  9.17332555e+00  4.47676878e+00
 -9.22786979e+00  9.74901460e+00  3.77269384e+00
 -9.04858554e+00  1.00848332e+01  3.36198345e+00
 -7.42152220e+00 -4.32033419e+00  7.55183713e+00
 -6.53587009e+00 -4.67365714e+00  7.44055718e+00
 -5.65021798e+00 -5.02698009e+00  7.32927722e+00
 -5.13358758e+00 -5.23308515e+00  7.26436391e+00
 -8.07056370e+00 -4.80524947e+00  8.06681511e+00
 -8.71960519e+00 -5.29016475e+00  8.58179308e+00
 -9.09821273e+00 -5.57303199e+00  8.88219690e+00
 -7.65813282e+00 -3.48209596e+00  7.14813912e+00
 -7.89474343e+00 -2.64385773e+00  6.74444111e+00
 -8.03276629e+00 -2.15488543e+00  6.50895060e+00
  1.55930786e+00  6.05506338e-01  4.20273419e+00
  1.28398405e+00  1.52473198e+00  4.17408061e+00
  1.00866025e+00  2.44395762e+00  4.14542704e+00
  8.48054695e-01  2.98017257e+00  4.12871246e+00
  1.23162391e+00 -1.43719657e-02  3.54701007e+00
  9.03939962e-01 -6.34250269e-01  2.89128595e+00
  7.12790992e-01 -9.95845946e-01  2.50878021e+00
  2.16231561e+00  3.06159002e-01  4.88711187e+00
  2.76532337e+00  6.81166710e-03  5.57148956e+00
  3.11707789e+00 -1.67807612e-01  5.97070988e+00
 -5.41415025e+00 -9.22490649e+00 -8.56092778e+00
 -6.23329855e+00 -9.28041911e+00 -8.06341958e+00
 -7.05244685e+00 -9.33593172e+00 -7.56591138e+00
 -7.53028336e+00 -9.36831408e+00 -7.27569826e+00
 -5.34305528e+00 -9.65200690e+00 -9.41774208e+00
 -5.27196032e+00 -1.00791073e+01 -1.02745564e+01
 -5.23048826e+00 -1.03282492e+01 -1.07743647e+01
 -4.66609691e+00 -8.74229348e+00 -8.20162167e+00
 -3.91804357e+00 -8.25968047e+00 -7.84231556e+00
 -3.48167912e+00 -7.97815621e+00 -7.63272034e+00
  4.98134608e+00 -1.86081731e+00  2.71938382e-01
  5.81171453e+00 -1.77541468e+00  7.46063496e-01
  6.64208299e+00 -1.69001206e+00  1.22018861e+00
  7.12646458e+00 -1.64019387e+00  1.49676159e+00
  4.19129186e+00 -1.42981866e+00  6.06085807e-01
  3.40123764e+00 -9.98820021e-01  9.40233232e-01
  2.94037268e+00 -7.47404146e-01  1.13515256e+00
  4.94103184e+00 -2.37721857e+00 -5.36334156e-01
  4.90071761e+00 -2.89361984e+00 -1.34460669e+00
  4.87720097e+00 -3.19485391e+00 -1.81609901e+00
  5.80741468e+00  8.41129711e-01  3.11978685e+00
  5.28350833e+00  1.01088507e+00  3.90611074e+00
  4.75960197e+00  1.18064043e+00  4.69243462e+00
  4.45398993e+00  1.27966438e+00  5.15112355e+00
  5.66354307e+00  3.99360768e-02  2.61087653e+00
  5.51967145e+00 -7.61257557e-01  2.10196620e+00
  5.43574634e+00 -1.22862051e+00  1.80510185e+00
  6.47519266e+00  1.47256799e+00  2.84237330e+00
  7.14297063e+00  2.10400626e+00  2.56495974e+00
  7.53250778e+00  2.47234526e+00  2.40313516e+00
 -8.26871955e-01  7.67332709e+00 -9.78373299e+00
 -7.49282443e-01  7.25174165e+00 -8.92475361e+00
 -6.71692930e-01  6.83015620e+00 -8.06577423e+00
 -6.26432381e-01  6.58423136e+00 -7.56470292e+00
 -1.67906893e+00  7.71247815e+00 -1.02239915e+01
 -2.53126591e+00  7.75162920e+00 -1.06642499e+01
 -3.02838081e+00  7.77446732e+00 -1.09210673e+01
 -5.22644913e-02  8.05576149e+00 -1.02024539e+01
  7.22342972e-01  8.43819588e+00 -1.06211748e+01
  1.17419733e+00  8.66128261e+00 -1.08654287e+01
 -2.33492441e+00  3.88699050e+00  7.44211357e+00
 -2.23367550e+00  3.21861123e+00  8.12374236e+00
 -2.13242660e+00  2.55023195e+00  8.80537115e+00
 -2.07336475e+00  2.16034404e+00  9.20298794e+00
 -2.70236050e+00  4.74595950e+00  7.66293696e+00
 -3.06979660e+00  5.60492851e+00  7.88376035e+00
 -3.28413432e+00  6.10599376e+00  8.01257399e+00
 -2.06873721e+00  3.69640077e+00  6.53966139e+00
 -1.80255002e+00  3.50581105e+00  5.63720922e+00
 -1.64727415e+00  3.39463370e+00  5.11077878e+00
 -3.65859867e+00  1.16775729e-02 -1.03500383e+01
 -4.35057037e+00 -6.03817460e-01 -1.00971726e+01
 -5.04254207e+00 -1.21931249e+00 -9.84430696e+00
 -5.44619222e+00 -1.57835126e+00 -9.69680200e+00
 -3.79725733e+00  6.14676256e-01 -1.10840453e+01
 -3.93591598e+00  1.21767494e+00 -1.18180524e+01
 -4.01680020e+00  1.56942417e+00 -1.22462232e+01
 -2.82796832e+00  2.41739227e-02 -9.86889684e+00
 -1.99733797e+00  3.66702725e-02 -9.38775542e+00
 -1.51280360e+00  4.39598099e-02 -9.10708960e+00
 -1.04501578e+01  5.50202775e+00  1.00468221e+01
 -9.67846759e+00  5.72168498e+00  1.05739321e+01
 -8.90677738e+00  5.94134221e+00  1.11010420e+01
 -8.45662476e+00  6.06947559e+00  1.14085228e+01
 -1.06717735e+01  6.03069685e+00  9.27676009e+00
 -1.08933891e+01  6.55936595e+00  8.50669809e+00
 -1.10226649e+01  6.86775626e+00  8.05749526e+00
 -1.10002324e+01  4.75370142e+00  1.02897741e+01
 -1.15503069e+01  4.00537509e+00  1.05327261e+01
 -1.18711837e+01  3.56885139e+00  1.06744482e+01
  3.11441640e+00 -1.19450643e+00 -9.78385332e+00
  2.18780835e+00 -1.18999909e+00 -1.00348059e+01
  1.26120030e+00 -1.18549176e+00 -1.02857585e+01
  7.20678938e-01 -1.18286248e+00 -1.04321475e+01
  3.52324358e+00 -3.95650793e-01 -9.44284011e+00
  3.93207077e+00  4.03204842e-01 -9.10182690e+00
  4.17055329e+00  8.69203962e-01 -8.90290253e+00
  3.63219727e+00 -1.99786940e+00 -9.87391393e+00
  4.14997813e+00 -2.80123237e+00 -9.96397454e+00
  4.45201697e+00 -3.26986077e+00 -1.00165099e+01
 -5.39100752e+00  3.71368591e+00  9.57805603e+00
 -5.25721405e+00  3.10038569e+00  8.85172129e+00
 -5.12342058e+00  2.48708547e+00  8.12538656e+00
 -5.04537439e+00  2.12932701e+00  7.70169130e+00
 -4.80260263e+00  3.69531631e+00  1.03363714e+01
 -4.21419773e+00  3.67694671e+00  1.10946868e+01
 -3.87096154e+00  3.66623111e+00  1.15370375e+01
 -6.11320588e+00  4.34535573e+00  9.54607537e+00
 -6.83540425e+00  4.97702555e+00  9.51409471e+00
 -7.25668662e+00  5.34549962e+00  9.49543932e+00
  8.76129375e+00 -9.62061450e+00  5.90090933e+00
  7.94290191e+00 -9.86069715e+00  5.46023359e+00
  7.12451006e+00 -1.01007798e+01  5.01955785e+00
  6.64711482e+00 -1.02408280e+01  4.76249701e+00
  9.52394708e+00 -1.02011310e+01  5.84649898e+00
  1.02866004e+01 -1.07816475e+01  5.79208864e+00
  1.07314815e+01 -1.11202822e+01  5.76034927e+00
  8.81703228e+00 -8.80001534e+00  6.39599541e+00
  8.87277080e+00 -7.97941617e+00  6.89108150e+00
  8.90528494e+00 -7.50073333e+00  7.17988171e+00
  5.14937036e+00 -4.57498279e+00  5.99149219e-01
  4.60749264e+00 -5.23966883e+00  1.03061301e+00
  4.06561491e+00 -5.90435488e+00  1.46207679e+00
  3.74951957e+00 -6.29208840e+00  1.71376400e+00
  5.59997455e+00 -3.90881114e+00  1.12333544e+00
  6.05057873e+00 -3.24263948e+00  1.64752166e+00
  6.31343118e+00 -2.85403935e+00  1.95329695e+00
  5.24064390e+00 -4.57646841e+00 -3.56500787e-01
  5.33191743e+00 -4.57795402e+00 -1.31215079e+00
  5.38516033e+00 -4.57882063e+00 -1.86961330e+00
 -1.22267140e-01  3.69164027e+00 -8.27234491e+00
  6.87252297e-01  3.32525617e+00 -7.90897049e+00
  1.49677173e+00  2.95887206e+00 -7.54559607e+00
  1.96899141e+00  2.74514800e+00 -7.33362766e+00
 -4.04857855e-01  3.44776425e+00 -9.15680348e+00
 -6.87448570e-01  3.20388823e+00 -1.00412621e+01
 -8.52293153e-01  3.06162721e+00 -1.05571962e+01
 -6.49195862e-01  4.30190040e+00 -7.75126075e+00
 -1.17612458e+00  4.91216053e+00 -7.23017660e+00
 -1.48349967e+00  5.26814560e+00 -6.92621084e+00
 -2.98842885e+00 -4.05452806e+00 -5.71271766e+00
 -3.78816896e+00 -4.05948103e+00 -5.18168919e+00
 -4.58790906e+00 -4.06443400e+00 -4.65066072e+00
 -5.05442412e+00 -4.06732324e+00 -4.34089412e+00
 -3.04537778e+00 -4.14176867e+00 -6.66704774e+00
 -3.10232670e+00 -4.22900928e+00 -7.62137782e+00
 -3.13554691e+00 -4.27989963e+00 -8.17807036e+00
 -2.13173983e+00 -3.96233447e+00 -5.28941605e+00
 -1.27505080e+00 -3.87014089e+00 -4.86611445e+00
 -7.75315530e-01 -3.81636130e+00 -4.61918851e+00
 -6.78889681e-01 -3.17387630e-01 -2.74202414e+00
 -6.64582684e-01 -1.89410248e-01 -3.69334800e+00
 -6.50275686e-01 -6.14328655e-02 -4.64467187e+00
 -6.41929938e-01  1.32206076e-02 -5.19961079e+00
 -2.51455319e-02 -8.82486263e-01 -2.32383504e+00
  6.28598617e-01 -1.44758490e+00 -1.90564594e+00
  1.00994937e+00 -1.77722576e+00 -1.66170229e+00
 -1.34694083e+00  1.19733620e-01 -2.20888937e+00
 -2.01499197e+00  5.56854870e-01 -1.67575460e+00
 -2.40468847e+00  8.11842266e-01 -1.36475932e+00
  1.12644670e+01 -9.85402536e+00 -6.41970547e+00
  1.15766554e+01 -1.06145575e+01 -6.91541631e+00
  1.18888438e+01 -1.13750897e+01 -7.41112714e+00
  1.20709537e+01 -1.18187335e+01 -7.70029180e+00
  1.08515472e+01 -9.11868148e+00 -6.87836287e+00
  1.04386274e+01 -8.38333760e+00 -7.33702027e+00
  1.01977575e+01 -7.95438701e+00 -7.60457041e+00
  1.13651985e+01 -9.82883706e+00 -5.46533724e+00
  1.14659299e+01 -9.80364876e+00 -4.51096901e+00
  1.15246899e+01 -9.78895559e+00 -3.95425420e+00
 -1.74472969e+00 -4.74696172e+00  9.76121942e-01
 -2.10082441e+00 -5.58929083e+00  1.26814629e+00
 -2.45691912e+00 -6.43161994e+00  1.56017065e+00
 -2.66464104e+00 -6.92297859e+00  1.73051819e+00
 -1.62140751e+00 -4.03350094e+00  1.60649116e+00
 -1.49808533e+00 -3.32004016e+00  2.23686038e+00
 -1.42614739e+00 -2.90385470e+00  2.60457576e+00
 -1.51195716e+00 -4.61809339e+00  5.37283701e-02
 -1.27918462e+00 -4.48922506e+00 -8.68665202e-01
 -1.14340065e+00 -4.41405187e+00 -1.40672812e+00
 -3.58249675e+00 -7.00985154e+00  5.45722819e+00
 -2.91374178e+00 -6.32433852e+00  5.39060464e+00
 -2.24498682e+00 -5.63882551e+00  5.32398109e+00
 -1.85487975e+00 -5.23894291e+00  5.28511735e+00
 -4.21185311e+00 -7.13743160e+00  4.74362193e+00
 -4.84120947e+00 -7.26501166e+00  4.03001566e+00
 -5.20833402e+00 -7.33943336e+00  3.61374534e+00
 -3.62189535e+00 -7.56778450e+00  6.23745800e+00
 -3.66129395e+00 -8.12571746e+00  7.01768782e+00
 -3.68427647e+00 -8.45117836e+00  7.47282187e+00
 -7.43363820e+00 -8.89826042e+00 -5.54406468e+00
 -7.14909140e+00 -8.13962495e+00 -6.05894849e+00
 -6.86454460e+00 -7.38098948e+00 -6.57383231e+00
 -6.69855897e+00 -6.93845212e+00 -6.87418120e+00
 -7.78525070e+00 -9.67418629e+00 -5.98667929e+00
 -8.13686320e+00 -1.04501122e+01 -6.42929390e+00
 -8.34197050e+00 -1.09027356e+01 -6.68748575e+00
 -7.36657249e+00 -8.88097002e+00 -4.58656625e+00
 -7.29950679e+00 -8.86367962e+00 -3.62906783e+00
 -7.26038513e+00 -8.85359356e+00 -3.07052708e+00
  9.83931701e+00 -6.25750062e+00  1.01144369e+01
  9.54465528e+00 -7.07242664e+00  9.70131455e+00
  9.24999355e+00 -7.88735267e+00  9.28819225e+00
  9.07810754e+00 -8.36272618e+00  9.04720424e+00
  1.03259014e+01 -6.28724011e+00  1.09414503e+01
  1.08124857e+01 -6.31697960e+00  1.17684637e+01
  1.10963266e+01 -6.33432764e+00  1.22508882e+01
  9.64739437e+00 -5.41283510e+00  9.70054573e+00
  9.45547173e+00 -4.56816958e+00  9.28665461e+00
  9.34351686e+00 -4.07544803e+00  9.04521812e+00
  2.32717813e+00 -5.58491729e+00 -3.83712445e-01
  2.65952063e+00 -4.70259662e+00 -5.64429649e-01
  2.99186313e+00 -3.82027596e+00 -7.45146854e-01
  3.18572958e+00 -3.30558890e+00 -8.50565223e-01
  2.84273469e+00 -6.35357571e+00 -6.38596085e-01
  3.35829124e+00 -7.12223413e+00 -8.93479724e-01
  3.65903256e+00 -7.57061821e+00 -1.04216185e+00
  1.47927908e+00 -5.69857953e+00  5.18883986e-02
  6.31380033e-01 -5.81224177e+00  4.87489242e-01
  1.36772254e-01 -5.87854475e+00  7.41589735e-01
 -7.36083584e+00  7.03514841e-01 -7.72899419e+00
 -7.73701251e+00  1.42874267e+00 -7.22487543e+00
 -8.11318917e+00  2.15397049e+00 -6.72075668e+00
 -8.33262556e+00  2.57702006e+00 -6.42668740e+00
 -7.91701508e+00 -2.88500912e-02 -8.00450511e+00
 -8.47319431e+00 -7.61215023e-01 -8.28001603e+00
 -8.79763219e+00 -1.18842790e+00 -8.44073073e+00
 -6.42847995e+00  7.10651948e-01 -7.95760203e+00
 -5.49612405e+00  7.17789056e-01 -8.18620986e+00
 -4.95224977e+00  7.21952368e-01 -8.31956443e+00
  7.60316525e+00 -5.37175878e+00  4.66055415e+00
  7.88304604e+00 -5.37614829e+00  5.57883923e+00
  8.16292683e+00 -5.38053780e+00  6.49712430e+00
  8.32619063e+00 -5.38309835e+00  7.03279059e+00
  7.40248244e+00 -6.19859879e+00  4.21596220e+00
  7.20179962e+00 -7.02543880e+00  3.77137024e+00
  7.08473465e+00 -7.50776214e+00  3.51202493e+00
  7.52396728e+00 -4.54052926e+00  4.18686104e+00
  7.44476931e+00 -3.70929975e+00  3.71316792e+00
  7.39857049e+00 -3.22441586e+00  3.43684693e+00
 -6.35388446e-01  8.83423598e+00 -6.58770466e+00
  2.13818381e-01  8.64469621e+00 -6.99331832e+00
  1.06302521e+00  8.45515645e+00 -7.39893198e+00
  1.55839586e+00  8.34459158e+00 -7.63553994e+00
 -1.42558970e+00  8.38458916e+00 -6.89592490e+00
 -2.21579095e+00  7.93494233e+00 -7.20414514e+00
 -2.67674167e+00  7.67264835e+00 -7.38394028e+00
 -6.94394024e-01  9.47342258e+00 -5.87387075e+00
 -7.53399601e-01  1.01126092e+01 -5.16003685e+00
 -7.87819522e-01  1.04854680e+01 -4.74363374e+00
  1.54656639e+00  5.55875899e+00  3.57772591e+00
  1.34503231e+00  6.46494184e+00  3.33315148e+00
  1.14349823e+00  7.37112469e+00  3.08857705e+00
  1.02593669e+00  7.89973136e+00  2.94590864e+00
  2.08098836e+00  5.37879442e+00  4.35464670e+00
  2.61541034e+00  5.19882986e+00  5.13156749e+00
  2.92715649e+00  5.09385053e+00  5.58477128e+00
  1.21367850e+00  4.83254070e+00  3.04537955e+00
  8.80790601e-01  4.10632241e+00  2.51303319e+00
  6.86605996e-01  3.68269507e+00  2.20249782e+00
  7.04235795e+00 -6.29163703e+00 -9.46666815e+00
  7.97501470e+00 -6.33298196e+00 -9.24296751e+00
  8.90767146e+00 -6.37432689e+00 -9.01926686e+00
  9.45172123e+00 -6.39844477e+00 -8.88877482e+00
  6.77015185e+00 -5.98682270e+00 -1.03353407e+01
  6.49794576e+00 -5.68200836e+00 -1.12040133e+01
  6.33915887e+00 -5.50420000e+00 -1.17107390e+01
  6.38190729e+00 -6.55510643e+00 -8.82169621e+00
  5.72145664e+00 -6.81857584e+00 -8.17672427e+00
  5.33619376e+00 -6.97226632e+00 -7.80049063e+00
  3.35705900e+00 -4.91455298e+00  8.81353967e+00
  3.05354158e+00 -4.50587168e+00  7.99962519e+00
  2.75002416e+00 -4.09719038e+00  7.18571072e+00
  2.57297233e+00 -3.85879295e+00  6.71092728e+00
  2.83372102e+00 -5.60405146e+00  9.22864109e+00
  2.31038303e+00 -6.29354995e+00  9.64374252e+00
  2.00510254e+00 -6.69575740e+00  9.88588501e+00
  4.18391441e+00 -4.63373580e+00  9.21235271e+00
  5.01076982e+00 -4.35291861e+00  9.61116576e+00
  5.49310214e+00 -4.18910859e+00  9.84380671e+00
 -2.16175123e+00 -5.04291809e+00 -9.42438980e+00
 -2.75697297e+00 -4.31534079e+00 -9.61917777e+00
 -3.35219471e+00 -3.58776348e+00 -9.81396573e+00
 -3.69940739e+00 -3.16334339e+00 -9.92759205e+00
 -2.07097311e+00 -5.76850947e+00 -1.00463838e+01
 -1.98019498e+00 -6.49410086e+00 -1.06683777e+01
 -1.92724108e+00 -6.91736250e+00 -1.10312075e+01
 -1.65730762e+00 -5.04490400e+00 -8.60760789e+00
 -1.15286400e+00 -5.04688992e+00 -7.79082597e+00
 -8.58605225e-01 -5.04804837e+00 -7.31436986e+00
  8.31166536e+00  4.41149173e+00 -2.96025795e+00
  8.28071187e+00  5.15489299e+00 -3.56688506e+00
  8.24975838e+00  5.89829425e+00 -4.17351217e+00
  8.23170218e+00  6.33194498e+00 -4.52737799e+00
  9.15768183e+00  4.04399206e+00 -2.69417503e+00
  1.00036983e+01  3.67649239e+00 -2.42809210e+00
  1.04972079e+01  3.46211758e+00 -2.27287706e+00
  7.49660239e+00  4.03559015e+00 -2.61971377e+00
  6.68153941e+00  3.65968857e+00 -2.27916958e+00
  6.20608600e+00  3.44041265e+00 -2.08051880e+00
  1.91241407e-01  4.60135375e+00  8.04739668e+00
  1.08753364e+00  4.30914501e+00  7.86608399e+00
  1.98382587e+00  4.01693627e+00  7.68477130e+00
  2.50666300e+00  3.84648117e+00  7.57900557e+00
 -2.31793872e-01  4.36629104e+00  8.87648453e+00
 -6.54829152e-01  4.13122832e+00  9.70557239e+00
 -9.01599732e-01  3.99410840e+00  1.01892070e+01
 -2.82015542e-01  5.12862521e+00  7.39962151e+00
 -7.55272492e-01  5.65589667e+00  6.75184634e+00
 -1.03133905e+00  5.96347169e+00  6.37397749e+00
  5.68788655e+00 -1.51849624e+00 -6.94200957e+00
  5.03169270e+00 -9.14925412e-01 -6.58604345e+00
  4.37549885e+00 -3.11354582e-01 -6.23007732e+00
  3.99271910e+00  4.07284023e-02 -6.02243041e+00
  5.42861332e+00 -2.40019674e+00 -7.21946518e+00
  5.16934008e+00 -3.28189725e+00 -7.49692079e+00
  5.01809736e+00 -3.79622254e+00 -7.65876989e+00
  6.60335364e+00 -1.24036657e+00 -7.02052009e+00
  7.51882072e+00 -9.62236900e-01 -7.09903061e+00
  8.05284319e+00 -7.99994591e-01 -7.14482841e+00
  2.64099393e+00 -5.79961205e+00 -9.05667726e+00
  1.98246566e+00 -6.13501565e+00 -8.44394164e+00
  1.32393739e+00 -6.47041925e+00 -7.83120602e+00
  9.39795901e-01 -6.66607135e+00 -7.47377690e+00
  2.88267979e+00 -6.31385935e+00 -9.83045866e+00
  3.12436564e+00 -6.82810666e+00 -1.06042401e+01
  3.26534906e+00 -7.12808425e+00 -1.10556125e+01
  3.05783634e+00 -4.94996114e+00 -8.89563148e+00
  3.47467875e+00 -4.10031024e+00 -8.73458571e+00
  3.71783683e+00 -3.60468054e+00 -8.64064234e+00
  1.11719554e+01  1.61997853e+00  1.02948321e+01
  1.16843193e+01  2.42820259e+00  1.02183005e+01
  1.21966832e+01  3.23642665e+00  1.01417688e+01
  1.24955621e+01  3.70789068e+00  1.00971253e+01
  1.06940810e+01  1.42953275e+00  1.11053669e+01
  1.02162067e+01  1.23908697e+00  1.19159016e+01
  9.93744667e+00  1.12799360e+00  1.23887135e+01
  1.11374658e+01  1.00220025e+00  9.56082910e+00
  1.11029762e+01  3.84421970e-01  8.82682606e+00
  1.10828573e+01  2.40513067e-02  8.39865762e+00
 -4.34882527e+00 -5.16327488e-01 -1.29532597e+00
 -4.89239327e+00 -1.18119094e+00 -1.72438356e+00
 -5.43596127e+00 -1.84605439e+00 -2.15344115e+00
 -5.75304261e+00 -2.23389141e+00 -2.40372475e+00
 -4.70382089e+00  3.60119084e-01 -1.12973756e+00
 -5.05881650e+00  1.23656566e+00 -9.64149158e-01
 -5.26589728e+00  1.74782616e+00 -8.67555922e-01
 -3.45026166e+00 -7.27910608e-01 -1.03185678e+00
 -2.55169804e+00 -9.39493728e-01 -7.68387591e-01
 -2.02753593e+00 -1.06291721e+00 -6.14697231e-01
 -5.07438545e+00  9.06000741e+00  6.65738883e+00
 -5.33807142e+00  8.43193196e+00  7.33384351e+00
 -5.60175740e+00  7.80385651e+00  8.01029819e+00
 -5.75557422e+00  7.43747916e+00  8.40489676e+00
 -4.57299324e+00  8.76196443e+00  5.89490851e+00
 -4.07160103e+00  8.46392146e+00  5.13242819e+00
 -3.77912224e+00  8.29006306e+00  4.68764801e+00
 -5.31209169e+00  9.98612583e+00  6.74341447e+00
 -5.54979792e+00  1.09122443e+01  6.82944010e+00
 -5.68845989e+00  1.14524800e+01  6.87962173e+00
 -3.82677770e+00  1.59817966e+00 -5.24048541e+00
 -3.64839099e+00  1.09685408e+00 -6.03951660e+00
 -3.47000428e+00  5.95528497e-01 -6.83854779e+00
 -3.36594537e+00  3.03088573e-01 -7.30464932e+00
 -3.35391842e+00  2.41639445e+00 -5.07158111e+00
 -2.88105914e+00  3.23460924e+00 -4.90267681e+00
 -2.60522457e+00  3.71190120e+00 -4.80414930e+00
 -4.47802368e+00  1.28129046e+00 -4.61035852e+00
 -5.12926967e+00  9.64401249e-01 -3.98023163e+00
 -5.50916316e+00  7.79549212e-01 -3.61265761e+00
  2.48193228e+00 -9.82144473e+00 -2.20579035e+00
  2.05076834e+00 -1.05252430e+01 -1.71551931e+00
  1.61960440e+00 -1.12290412e+01 -1.22524827e+00
  1.36809210e+00 -1.16395902e+01 -9.39256833e-01
  2.29392662e+00 -8.90412534e+00 -1.99417982e+00
  2.10592096e+00 -7.98680596e+00 -1.78256930e+00
  1.99625100e+00 -7.45170298e+00 -1.65912982e+00
  3.10110188e+00 -1.00349659e+01 -2.90767191e+00
  3.72027148e+00 -1.02484870e+01 -3.60955347e+00
  4.08145375e+00 -1.03730410e+01 -4.01898438e+00
  3.05998583e+00  5.17601378e+00 -3.39840429e+00
  3.51859242e+00  4.48197265e+00 -2.91925202e+00
  3.97719902e+00  3.78793151e+00 -2.44009976e+00
  4.24471954e+00  3.38307418e+00 -2.16059427e+00
  2.55246553e+00  4.96180466e+00 -4.18462156e+00
  2.04494523e+00  4.74759554e+00 -4.97083883e+00
  1.74889172e+00  4.62264022e+00 -5.42946557e+00
  3.10889953e+00  6.08426404e+00 -3.09133928e+00
  3.15781323e+00  6.99251430e+00 -2.78427427e+00
  3.18634622e+00  7.52232695e+00 -2.60515301e+00
 -3.49584718e+00  7.54219389e+00  2.87986420e-01
 -3.58146695e+00  6.74168892e+00  8.10921460e-01
 -3.66708671e+00  5.94118395e+00  1.33385650e+00
 -3.71703157e+00  5.47422272e+00  1.63890194e+00
 -3.26437887e+00  7.48557412e+00 -6.41968751e-01
 -3.03291055e+00  7.42895435e+00 -1.57192392e+00
 -2.89788737e+00  7.39592615e+00 -2.11439777e+00
 -3.64169574e+00  8.39931862e+00  6.95006551e-01
 -3.78754429e+00  9.25644336e+00  1.10202668e+00
 -3.87262262e+00  9.75643279e+00  1.33945509e+00
 -6.45342486e+00  3.67017601e+00  9.18525076e-01
 -5.49453410e+00  3.64409439e+00  9.56581090e-01
 -4.53564334e+00  3.61801278e+00  9.94637104e-01
 -3.97629039e+00  3.60279850e+00  1.01683645e+00
 -6.90734935e+00  4.51073528e+00  8.23590037e-01
 -7.36127385e+00  5.35129456e+00  7.28654997e-01
 -7.62606314e+00  5.84162080e+00  6.73276224e-01
 -6.95839112e+00  2.85569836e+00  9.75404102e-01
 -7.46335738e+00  2.04122070e+00  1.03228313e+00
 -7.75792104e+00  1.56610874e+00  1.06546256e+00
 -7.81500106e+00 -4.42498200e+00  3.42218944e+00
 -8.11684581e+00 -4.06713544e+00  2.58407514e+00
 -8.41869057e+00 -3.70928889e+00  1.74596084e+00
 -8.59476668e+00 -3.50054506e+00  1.25706083e+00
 -7.49568443e+00 -5.32900284e+00  3.47100761e+00
 -7.17636781e+00 -6.23302368e+00  3.51982578e+00
 -6.99009978e+00 -6.76036917e+00  3.54830305e+00
 -7.83247292e+00 -3.87880772e+00  4.21148558e+00
 -7.84994479e+00 -3.33263343e+00  5.00078171e+00
 -7.86013671e+00 -3.01403177e+00  5.46120445e+00
 -4.39796763e+00 -9.98272788e+00  8.67556806e+00
 -4.06987250e+00 -9.21886505e+00  9.15563801e+00
 -3.74177736e+00 -8.45500223e+00  9.63570797e+00
 -3.55038853e+00 -8.00941558e+00  9.91574877e+00
 -5.32044069e+00 -1.00248225e+01  8.41313425e+00
 -6.24291374e+00 -1.00669171e+01  8.15070044e+00
 -6.78102303e+00 -1.00914722e+01  7.99761405e+00
 -3.80358970e+00 -1.07044961e+01  8.45793191e+00
 -3.20921178e+00 -1.14262644e+01  8.24029577e+00
 -2.86249133e+00 -1.18472958e+01  8.11334135e+00
  1.00169252e+01  9.01352058e-01  4.37805566e+00
  1.09491014e+01  8.34550117e-01  4.15854493e+00
  1.18812776e+01  7.67748177e-01  3.93903420e+00
  1.24250471e+01  7.28780378e-01  3.81098627e+00
  9.72808357e+00  1.50395533e+00  5.06728699e+00
  9.43924199e+00  2.10655861e+00  5.75651833e+00
  9.27075107e+00  2.45807719e+00  6.15856994e+00
  9.37359049e+00  3.65550723e-01  3.90833505e+00
  8.73025584e+00 -1.70250611e-01  3.43861445e+00
  8.35497728e+00 -4.82801390e-01  3.16461076e+00
