-2.18719466e+00  2.15749703e-02 -8.40031272e-01
 -2.37611680e+00 -6.56096299e-01 -1.49323114e+00
 -2.56503895e+00 -1.33376757e+00 -2.14643102e+00
 -2.67524353e+00 -1.72907581e+00 -2.52746428e+00
 -2.28397576e+00  9.48913991e-01 -1.06867020e+00
 -2.38075687e+00  1.87625301e+00 -1.29730912e+00
 -2.43721252e+00  2.41720077e+00 -1.43068183e+00
 -1.90149140e+00 -2.28092781e-01  4.18075261e-02
 -1.61578815e+00 -4.77760532e-01  9.23646324e-01
 -1.44912792e+00 -6.23400053e-01  1.43805229e+00
  9.02237187e+00 -6.00809923e-01 -9.29477541e+00
  9.28415347e+00 -1.27367807e+00 -8.66206786e+00
  9.54593507e+00 -1.94654622e+00 -8.02936031e+00
  9.69864101e+00 -2.33905264e+00 -7.66028090e+00
  9.44688810e+00  2.60148769e-01 -9.28310945e+00
  9.87140434e+00  1.12110746e+00 -9.27144349e+00
  1.01190388e+01  1.62333336e+00 -9.26463835e+00
  8.33607403e+00 -7.88900466e-01 -9.93914892e+00
  7.64977619e+00 -9.76991008e-01 -1.05835224e+01
  7.24943578e+00 -1.08671049e+00 -1.09594070e+01
  2.63421707e+00 -8.26254003e+00 -6.05655681e+00
  1.88943198e+00 -7.79172932e+00 -6.43765056e+00
  1.14464689e+00 -7.32091861e+00 -6.81874432e+00
  7.10188926e-01 -7.04627904e+00 -7.04104901e+00
  3.05869754e+00 -7.92767501e+00 -5.26328400e+00
  3.48317800e+00 -7.59280999e+00 -4.47001118e+00
  3.73079160e+00 -7.39747207e+00 -4.00726871e+00
  2.95452170e+00 -9.06821575e+00 -6.46873587e+00
  3.27482632e+00 -9.87389147e+00 -6.88091492e+00
  3.46167069e+00 -1.03438690e+01 -7.12135271e+00
  1.16526604e+00  2.89353613e+00  3.94674277e+00
  3.75606012e-01  2.34995055e+00  3.89622788e+00
 -4.14054013e-01  1.80636496e+00  3.84571299e+00
 -8.74689027e-01  1.48927336e+00  3.81624597e+00
  2.02442109e+00  2.48209520e+00  4.06577615e+00
  2.88357615e+00  2.07065427e+00  4.18480953e+00
  3.38474994e+00  1.83064706e+00  4.25424566e+00
  1.09577100e+00  3.84856266e+00  3.87822428e+00
  1.02627597e+00  4.80358918e+00  3.80970579e+00
  9.85737202e-01  5.36068798e+00  3.76973667e+00
 -1.88851181e+00  6.45622675e+00 -6.12462818e-01
 -2.60387481e+00  7.06339630e+00 -8.15442904e-01
 -3.31923781e+00  7.67056585e+00 -1.01842299e+00
 -3.73653289e+00  8.02474809e+00 -1.13682804e+00
 -2.00225018e+00  5.79179167e+00  7.10498769e-02
 -2.11598854e+00  5.12735658e+00  7.54562572e-01
 -2.18233592e+00  4.73976945e+00  1.15327831e+00
 -1.05941045e+00  6.51349228e+00 -1.09299543e+00
 -2.30309085e-01  6.57075782e+00 -1.57352803e+00
  2.53333377e-01  6.60416271e+00 -1.85383872e+00
 -2.04980540e+00 -3.94899611e+00 -6.87704903e+00
 -1.95350205e+00 -3.20640516e+00 -7.47778553e+00
 -1.85719869e+00 -2.46381420e+00 -8.07852203e+00
 -1.80102173e+00 -2.03063615e+00 -8.42895165e+00
 -1.27876045e+00 -4.31198650e+00 -6.43509014e+00
 -5.07715501e-01 -4.67497690e+00 -5.99313126e+00
 -5.79392798e-02 -4.88672129e+00 -5.73532190e+00
 -2.91715371e+00 -4.32859667e+00 -6.71827143e+00
 -3.78450201e+00 -4.70819724e+00 -6.55949382e+00
 -4.29045519e+00 -4.92963090e+00 -6.46687355e+00
 -3.00461557e+00 -4.17587264e-02  2.55654324e+00
 -3.45472805e+00  6.31513253e-01  2.04107879e+00
 -3.90484052e+00  1.30478523e+00  1.52561434e+00
 -4.16740613e+00  1.69752722e+00  1.22492674e+00
 -2.22602531e+00  1.87020136e-01  3.06943449e+00
 -1.44743504e+00  4.15798998e-01  3.58232574e+00
 -9.93257388e-01  5.49253334e-01  3.88151230e+00
 -3.33309336e+00 -9.43809568e-01  2.55911645e+00
 -3.66157115e+00 -1.84586041e+00  2.56168965e+00
 -3.85318320e+00 -2.37205673e+00  2.56319069e+00
 -4.48091961e+00  7.61566494e+00  3.58504884e+00
 -5.40370020e+00  7.42499750e+00  3.76868412e+00
 -6.32648078e+00  7.23433007e+00  3.95231939e+00
 -6.86476946e+00  7.12310739e+00  4.05943997e+00
 -3.87349490e+00  6.89976007e+00  3.38476046e+00
 -3.26607018e+00  6.18385520e+00  3.18447207e+00
 -2.91173910e+00  5.76624402e+00  3.06763718e+00
 -4.16556373e+00  8.52223724e+00  3.60170195e+00
 -3.85020785e+00  9.42880955e+00  3.61835506e+00
 -3.66625026e+00  9.95764339e+00  3.62806938e+00
 -9.87829130e+00  6.43541132e+00  7.92025962e+00
 -9.66116812e+00  6.02328233e+00  7.08085077e+00
 -9.44404494e+00  5.61115333e+00  6.24144192e+00
 -9.31738975e+00  5.37074475e+00  5.75178676e+00
 -1.03026435e+01  5.92195014e+00  8.61155034e+00
 -1.07269956e+01  5.40848897e+00  9.30284106e+00
 -1.09745344e+01  5.10896995e+00  9.70609397e+00
 -9.67106231e+00  7.36100149e+00  8.06837776e+00
 -9.46383332e+00  8.28659166e+00  8.21649589e+00
 -9.34294974e+00  8.82651926e+00  8.30289814e+00
  8.31317316e-01 -2.03729111e+00 -8.72105600e+00
  7.95608892e-01 -2.45457459e+00 -7.85722765e+00
  7.59900467e-01 -2.87185806e+00 -6.99339931e+00
  7.39070553e-01 -3.11527342e+00 -6.48949944e+00
  9.75791213e-01 -1.09082933e+00 -8.79132251e+00
  1.12026511e+00 -1.44367545e-01 -8.86158902e+00
  1.20454155e+00  4.07735163e-01 -8.90257782e+00
  7.22551842e-01 -2.56646943e+00 -9.51461783e+00
  6.13786368e-01 -3.09564774e+00 -1.03081797e+01
  5.50339842e-01 -3.40433508e+00 -1.07710907e+01
 -1.20045324e+00  7.90832785e+00  7.70597369e+00
 -7.04102281e-01  8.36945604e+00  8.38611817e+00
 -2.07751317e-01  8.83058423e+00  9.06626265e+00
  8.17867451e-02  9.09957568e+00  9.46301360e+00
 -1.73058821e+00  8.40515785e+00  7.07850507e+00
 -2.26072318e+00  8.90198785e+00  6.45103646e+00
 -2.56996858e+00  9.19180535e+00  6.08501310e+00
 -1.16666924e+00  6.95036966e+00  7.65329783e+00
 -1.13288523e+00  5.99241147e+00  7.60062197e+00
 -1.11317790e+00  5.43360252e+00  7.56989438e+00
  4.43404011e+00  5.08891268e+00 -5.77458171e+00
  3.54066401e+00  5.06827668e+00 -6.12537124e+00
  2.64728790e+00  5.04764069e+00 -6.47616078e+00
  2.12615184e+00  5.03560303e+00 -6.68078800e+00
  4.66558662e+00  5.71833381e+00 -5.08769362e+00
  4.89713313e+00  6.34775494e+00 -4.40080552e+00
  5.03220192e+00  6.71491726e+00 -4.00012080e+00
  5.09586970e+00  4.48012754e+00 -6.11068028e+00
  5.75769930e+00  3.87134240e+00 -6.44677884e+00
  6.14376656e+00  3.51621774e+00 -6.64283634e+00
  4.81260322e+00  7.67067802e+00 -7.75870868e+00
  4.91517298e+00  7.42343027e+00 -8.68063492e+00
  5.01774274e+00  7.17618253e+00 -9.60256116e+00
  5.07757510e+00  7.03195468e+00 -1.01403515e+01
  4.05216630e+00  7.36194743e+00 -7.26069150e+00
  3.29172938e+00  7.05321684e+00 -6.76267431e+00
  2.84814118e+00  6.87312400e+00 -6.47216429e+00
  5.47047038e+00  8.22665635e+00 -7.33479962e+00
  6.12833754e+00  8.78263468e+00 -6.91089056e+00
  6.51209339e+00  9.10695538e+00 -6.66361028e+00
 -9.11992728e+00 -6.83671064e+00 -5.71757179e+00
 -9.50054933e+00 -7.71006994e+00 -5.59937540e+00
 -9.88117139e+00 -8.58342923e+00 -5.48117901e+00
 -1.01032009e+01 -9.09288883e+00 -5.41223111e+00
 -8.27028682e+00 -6.73837552e+00 -6.15350905e+00
 -7.42064636e+00 -6.64004040e+00 -6.58944631e+00
 -6.92502276e+00 -6.58267825e+00 -6.84374304e+00
 -9.58894568e+00 -6.06168646e+00 -5.39983092e+00
 -1.00579641e+01 -5.28666228e+00 -5.08209005e+00
 -1.03315582e+01 -4.83456484e+00 -4.89674121e+00
  4.17235460e+00  3.43862393e+00  7.60544635e+00
  3.65355238e+00  2.83439255e+00  8.14149550e+00
  3.13475015e+00  2.23016117e+00  8.67754465e+00
  2.83211552e+00  1.87769286e+00  8.99023998e+00
  4.46781376e+00  3.17240810e+00  6.73169981e+00
  4.76327291e+00  2.90619227e+00  5.85795326e+00
  4.93562409e+00  2.75089971e+00  5.34826778e+00
  4.39569767e+00  4.30907114e+00  7.94314374e+00
  4.61904074e+00  5.17951835e+00  8.28084114e+00
  4.74932419e+00  5.68727922e+00  8.47783128e+00
 -6.94248701e+00  4.12920910e+00  1.39300323e+00
 -7.86328126e+00  4.03836582e+00  1.64890447e+00
 -8.78407551e+00  3.94752255e+00  1.90480571e+00
 -9.32120549e+00  3.89453064e+00  2.05408144e+00
 -6.57160935e+00  5.00067716e+00  1.23618113e+00
 -6.20073168e+00  5.87214523e+00  1.07935904e+00
 -5.98438638e+00  6.38050160e+00  9.87879484e-01
 -6.39257042e+00  3.34858430e+00  1.29392408e+00
 -5.84265383e+00  2.56795951e+00  1.19484493e+00
 -5.52186916e+00  2.11259505e+00  1.13704876e+00
 -1.21895875e+00 -2.24902518e+00  5.04708594e+00
 -2.14390825e+00 -2.42198588e+00  5.23722539e+00
 -3.06885776e+00 -2.59494658e+00  5.42736484e+00
 -3.60841164e+00 -2.69584032e+00  5.53827952e+00
 -6.18426525e-01 -2.01440631e+00  5.75836298e+00
 -1.78943019e-02 -1.77978743e+00  6.46964002e+00
  3.32416162e-01 -1.64292642e+00  6.88455163e+00
 -8.94541467e-01 -2.31068336e+00  4.14566944e+00
 -5.70124186e-01 -2.37234154e+00  3.24425295e+00
 -3.80880772e-01 -2.40830881e+00  2.71842666e+00
 -4.71670419e+00 -4.54350661e+00 -5.72478174e-01
 -4.21984398e+00 -4.31580003e+00 -1.36170542e+00
 -3.72298377e+00 -4.08809346e+00 -2.15093267e+00
 -3.43314865e+00 -3.95526463e+00 -2.61131523e+00
 -4.51293972e+00 -4.11653807e+00  2.62852843e-01
 -4.30917524e+00 -3.68956954e+00  1.09818386e+00
 -4.19031263e+00 -3.44050456e+00  1.58546029e+00
 -5.41732887e+00 -5.19818172e+00 -6.18581944e-01
 -6.11795355e+00 -5.85285682e+00 -6.64685713e-01
 -6.52665128e+00 -6.23475064e+00 -6.91579578e-01
 -8.97321694e+00 -1.29557837e+00  7.07767454e+00
 -8.08428285e+00 -1.19204848e+00  7.42506155e+00
 -7.19534875e+00 -1.08851860e+00  7.77244856e+00
 -6.67680386e+00 -1.02812617e+00  7.97509098e+00
 -9.17086038e+00 -2.01253459e+00  6.47062360e+00
 -9.36850383e+00 -2.72949082e+00  5.86357266e+00
 -9.48379583e+00 -3.14771528e+00  5.50945961e+00
 -9.66450760e+00 -6.82152025e-01  7.33733846e+00
 -1.03557983e+01 -6.87256842e-02  7.59700239e+00
 -1.07590511e+01  2.89106348e-01  7.74847301e+00
 -2.00926263e+00 -8.10996989e+00  8.22603678e-01
 -1.12767176e+00 -8.17483629e+00  1.19702307e+00
 -2.46080883e-01 -8.23970269e+00  1.57144246e+00
  2.68180461e-01 -8.27754142e+00  1.78985378e+00
 -2.45624992e+00 -8.89902567e+00  5.07653932e-01
 -2.90323720e+00 -9.68808145e+00  1.92704186e-01
 -3.16397979e+00 -1.01483640e+01  8.98350051e-03
 -2.44386622e+00 -7.25604772e+00  7.63134032e-01
 -2.87846981e+00 -6.40212554e+00  7.03664386e-01
 -3.13198857e+00 -5.90400427e+00  6.68973759e-01
 -1.01172253e+00 -5.70617058e+00 -3.28973633e+00
 -6.85518163e-02 -5.87660420e+00 -3.23513428e+00
  8.74618898e-01 -6.04703782e+00 -3.18053223e+00
  1.42480181e+00 -6.14645744e+00 -3.14868103e+00
 -1.35107295e+00 -5.08959633e+00 -3.94263562e+00
 -1.69042337e+00 -4.47302208e+00 -4.59553492e+00
 -1.88837778e+00 -4.11335377e+00 -4.97639284e+00
 -1.61554283e+00 -6.15231120e+00 -2.69143909e+00
 -2.21936312e+00 -6.59845183e+00 -2.09314184e+00
 -2.57159163e+00 -6.85870053e+00 -1.74413512e+00
  8.14790421e+00  5.58543792e+00  5.98059066e+00
  8.23761119e+00  4.64657972e+00  5.80143171e+00
  8.32731817e+00  3.70772152e+00  5.62227275e+00
  8.37964724e+00  3.16005423e+00  5.51776336e+00
  7.95159988e+00  6.19411186e+00  5.26464329e+00
  7.75529554e+00  6.80278579e+00  4.54869591e+00
  7.64078468e+00  7.15784559e+00  4.13105994e+00
  8.25450157e+00  5.91562219e+00  6.87569700e+00
  8.36109893e+00  6.24580646e+00  7.77080333e+00
  8.42328073e+00  6.43841395e+00  8.29294870e+00
 -9.45475917e+00  4.59619760e+00 -2.94616751e+00
 -9.84459322e+00  4.27675155e+00 -2.12910959e+00
 -1.02344273e+01  3.95730550e+00 -1.31205167e+00
 -1.04618305e+01  3.77096198e+00 -8.35434554e-01
 -9.42186681e+00  4.02564161e+00 -3.71751955e+00
 -9.38897445e+00  3.45508563e+00 -4.48887158e+00
 -9.36978724e+00  3.12226131e+00 -4.93882694e+00
 -9.09781749e+00  5.48619962e+00 -2.99187339e+00
 -8.74087581e+00  6.37620165e+00 -3.03757927e+00
 -8.53265983e+00  6.89536950e+00 -3.06424103e+00
 -1.62120349e+00 -7.58367103e-01 -5.94769381e+00
 -2.33897454e+00 -1.38783337e+00 -5.84681302e+00
 -3.05674559e+00 -2.01729964e+00 -5.74593223e+00
 -3.47544537e+00 -2.38448830e+00 -5.68708510e+00
 -1.28429422e+00 -2.87744403e-01 -5.18179146e+00
 -9.47384950e-01  1.82878297e-01 -4.41588910e+00
 -7.50854542e-01  4.57408206e-01 -3.96911273e+00
 -1.24034171e+00 -5.99523534e-01 -6.81447696e+00
 -8.59479923e-01 -4.40679966e-01 -7.68126011e+00
 -6.37310550e-01 -3.48021218e-01 -8.18688361e+00
  4.34534694e+00  8.72121888e+00 -4.65312622e-01
  3.63679419e+00  8.57893545e+00  1.66595932e-01
  2.92824143e+00  8.43665202e+00  7.98504487e-01
  2.51491899e+00  8.35365335e+00  1.16711781e+00
  4.81124546e+00  9.56039683e+00 -4.83171537e-01
  5.27714398e+00  1.03995748e+01 -5.01030453e-01
  5.54891812e+00  1.08890952e+01 -5.11448153e-01
  4.58800117e+00  8.02432436e+00 -1.07936226e+00
  4.83065540e+00  7.32742985e+00 -1.69341190e+00
  4.97220370e+00  6.92090805e+00 -2.05160752e+00
  1.82335560e+00 -2.18713545e-01 -1.54420359e+00
  2.09223194e+00 -3.55885275e-01 -6.32891667e-01
  2.36110829e+00 -4.93057004e-01  2.78420260e-01
  2.51795283e+00 -5.73073847e-01  8.10018884e-01
  1.67108831e+00 -9.72820055e-01 -2.11843181e+00
  1.51882102e+00 -1.72692656e+00 -2.69266003e+00
  1.42999843e+00 -2.16682203e+00 -3.02762648e+00
  1.70674654e+00  6.72564695e-01 -1.88128730e+00
  1.59013749e+00  1.56384293e+00 -2.21837101e+00
  1.52211554e+00  2.08375524e+00 -2.41500318e+00
 -7.96348254e+00 -4.31093441e+00  3.79479459e+00
 -7.32558357e+00 -4.36836928e+00  4.50990727e+00
 -6.68768460e+00 -4.42580415e+00  5.22501995e+00
 -6.31557687e+00 -4.45930783e+00  5.64216901e+00
 -7.92114839e+00 -4.93070011e+00  3.06288046e+00
 -7.87881424e+00 -5.55046581e+00  2.33096633e+00
 -7.85411932e+00 -5.91199581e+00  1.90401642e+00
 -8.64371565e+00 -3.63373383e+00  3.81159604e+00
 -9.32394876e+00 -2.95653325e+00  3.82839749e+00
 -9.72075141e+00 -2.56149958e+00  3.83819834e+00
  6.84447227e+00 -1.07524213e+00 -3.71169601e+00
  6.09129057e+00 -4.83499248e-01 -3.77617611e+00
  5.33810886e+00  1.08243630e-01 -3.84065620e+00
  4.89875286e+00  4.53426975e-01 -3.87826959e+00
  7.72955746e+00 -7.16692111e-01 -3.61337965e+00
  8.61464264e+00 -3.58142097e-01 -3.51506328e+00
  9.13094233e+00 -1.48987922e-01 -3.45771207e+00
  6.71256880e+00 -2.02553502e+00 -3.74553228e+00
  6.58066532e+00 -2.97582791e+00 -3.77936855e+00
  6.50372163e+00 -3.53016543e+00 -3.79910638e+00
  3.18299597e+00  5.16978352e+00 -3.18488309e-01
  3.01923004e+00  4.24876113e+00 -1.02853246e-01
  2.85546412e+00  3.32773874e+00  1.12781817e-01
  2.75993400e+00  2.79047568e+00  2.38568937e-01
  3.86730182e+00  5.65717629e+00  1.46026268e-01
  4.55160767e+00  6.14456905e+00  6.10540844e-01
  4.95078609e+00  6.42888150e+00  8.81507680e-01
  2.66245604e+00  5.60341315e+00 -9.98637949e-01
  2.14191611e+00  6.03704277e+00 -1.67878759e+00
  1.83826782e+00  6.28999338e+00 -2.07554154e+00
  1.95878040e+00 -5.58802117e+00  3.20884733e+00
  2.65221175e+00 -5.51841033e+00  2.54861458e+00
  3.34564311e+00 -5.44879949e+00  1.88838183e+00
  3.75014474e+00 -5.40819316e+00  1.50324606e+00
  1.12497796e+00 -6.00876040e+00  2.98669421e+00
  2.91175529e-01 -6.42949962e+00  2.76454109e+00
 -1.95209224e-01 -6.67493083e+00  2.63495177e+00
  2.09915147e+00 -5.23689280e+00  4.09123320e+00
  2.23952255e+00 -4.88576442e+00  4.97361907e+00
  2.32140568e+00 -4.68093953e+00  5.48834416e+00
  4.90402491e+00 -8.33144110e+00  8.13882918e+00
  5.16266594e+00 -8.93900470e+00  8.83565863e+00
  5.42130697e+00 -9.54656831e+00  9.53248808e+00
  5.57218090e+00 -9.90098041e+00  9.93897192e+00
  5.42087394e+00 -7.53884795e+00  7.97676999e+00
  5.93772297e+00 -6.74625479e+00  7.81471081e+00
  6.23921823e+00 -6.28390879e+00  7.72017628e+00
  4.12853486e+00 -8.51647064e+00  7.60405891e+00
  3.35304480e+00 -8.70150019e+00  7.06928864e+00
  2.90067560e+00 -8.80943409e+00  6.75733932e+00
 -7.76955635e+00  2.74063693e-01 -6.58707460e-01
 -7.41155520e+00 -4.93825645e-01 -1.11012871e+00
 -7.05355404e+00 -1.26171498e+00 -1.56154995e+00
 -6.84472004e+00 -1.70965043e+00 -1.82487901e+00
 -7.84215008e+00  2.77567662e-01  2.98537478e-01
 -7.91474380e+00  2.81071631e-01  1.25578242e+00
 -7.95709014e+00  2.83115612e-01  1.81417530e+00
 -8.05496378e+00  1.03844906e+00 -1.16453115e+00
 -8.34037120e+00  1.80283443e+00 -1.67035485e+00
 -8.50685887e+00  2.24872589e+00 -1.96541867e+00
  8.15390117e+00 -2.94475417e+00  8.10980059e+00
  9.06336688e+00 -2.63786821e+00  8.09267986e+00
  9.97283260e+00 -2.33098225e+00  8.07555913e+00
  1.05033543e+01 -2.15196544e+00  8.06557204e+00
  7.61940463e+00 -2.90673019e+00  7.31326583e+00
  7.08490808e+00 -2.86870621e+00  6.51673107e+00
  6.77311844e+00 -2.84652555e+00  6.05208579e+00
  7.77893199e+00 -3.28966410e+00  8.92345608e+00
  7.40396282e+00 -3.63457404e+00  9.73711156e+00
  7.18523080e+00 -3.83577150e+00  1.02117439e+01
  8.46837910e-01  1.02180659e+00  1.11239367e+00
  1.74633745e+00  1.21129678e+00  1.38914995e+00
  2.64583700e+00  1.40078696e+00  1.66590623e+00
  3.17054506e+00  1.51132291e+00  1.82734740e+00
  2.75549723e-01  1.73426186e+00  8.16357686e-01
 -2.95738465e-01  2.44671712e+00  5.20321706e-01
 -6.28989908e-01  2.86231603e+00  3.47634051e-01
  5.18626555e-01  1.19861138e-01  1.13167336e+00
  1.90415199e-01 -7.82084315e-01  1.15095306e+00
 -1.04142501e-03 -1.30821916e+00  1.16219955e+00
 -5.58648875e+00 -5.56653964e+00 -3.80981530e+00
 -5.66461945e+00 -4.76557312e+00 -3.28641467e+00
 -5.74275015e+00 -3.96460659e+00 -2.76301403e+00
 -5.78832639e+00 -3.49737612e+00 -2.45769700e+00
 -6.37598637e+00 -6.02928738e+00 -4.09991535e+00
 -7.16548399e+00 -6.49203512e+00 -4.39001540e+00
 -7.62602427e+00 -6.76197131e+00 -4.55924043e+00
 -4.71886044e+00 -5.90475842e+00 -4.04311589e+00
 -3.85123212e+00 -6.24297720e+00 -4.27641647e+00
 -3.34511561e+00 -6.44027149e+00 -4.41250848e+00
  5.80688038e+00 -7.20174314e+00 -2.07307924e+00
  5.72662646e+00 -6.31903409e+00 -1.70431910e+00
  5.64637254e+00 -5.43632504e+00 -1.33555896e+00
  5.59955776e+00 -4.92141143e+00 -1.12044888e+00
  5.07945708e+00 -7.82313595e+00 -1.99354114e+00
  4.35203377e+00 -8.44452876e+00 -1.91400304e+00
  3.92770350e+00 -8.80700789e+00 -1.86760581e+00
  6.61455761e+00 -7.46305939e+00 -2.52137749e+00
  7.42223484e+00 -7.72437563e+00 -2.96967573e+00
  7.89337989e+00 -7.87681011e+00 -3.23118304e+00
  3.34331360e+00  1.64530529e+00 -8.91811766e+00
  3.46059132e+00  7.95211724e-01 -9.34845109e+00
  3.57786905e+00 -5.48818443e-02 -9.77878452e+00
  3.64628106e+00 -5.50769759e-01 -1.00298124e+01
  2.76705114e+00  2.30593215e+00 -9.30938961e+00
  2.19078868e+00  2.96655901e+00 -9.70066155e+00
  1.85463558e+00  3.35192468e+00 -9.92890352e+00
  3.80229832e+00  1.83477200e+00 -8.09651229e+00
  4.26128305e+00  2.02423871e+00 -7.27490692e+00
  4.52902414e+00  2.13476096e+00 -6.79563712e+00
 -1.80367375e+00  4.89615293e+00 -4.40023450e+00
 -1.91869712e+00  4.41496137e+00 -5.22292783e+00
 -2.03372050e+00  3.93376982e+00 -6.04562115e+00
 -2.10081747e+00  3.65307474e+00 -6.52552559e+00
 -9.48165172e-01  4.90475905e+00 -3.96476807e+00
 -9.26565950e-02  4.91336517e+00 -3.52930165e+00
  4.06390075e-01  4.91838541e+00 -3.27527956e+00
 -2.54415895e+00  5.36873836e+00 -4.01300760e+00
 -3.28464415e+00  5.84132380e+00 -3.62578070e+00
 -3.71659386e+00  6.11699863e+00 -3.39989834e+00
  5.24395163e-01  5.20920712e+00  6.08861614e+00
  7.99189233e-01  5.82657461e+00  5.40674695e+00
  1.07398330e+00  6.44394211e+00  4.72487776e+00
  1.23427985e+00  6.80407315e+00  4.32712073e+00
 -1.99548673e-01  4.60111697e+00  5.92208777e+00
 -9.23492508e-01  3.99302682e+00  5.75555940e+00
 -1.34579308e+00  3.63830757e+00  5.65841785e+00
  9.73544927e-01  5.19992976e+00  6.93701370e+00
  1.42269469e+00  5.19065241e+00  7.78541126e+00
  1.68469872e+00  5.18524062e+00  8.28030983e+00
 -9.46150143e+00 -3.50947097e-01 -3.48198990e+00
 -9.89894616e+00  1.53776908e-01 -2.79242787e+00
 -1.03363909e+01  6.58500913e-01 -2.10286585e+00
 -1.05915670e+01  9.52923249e-01 -1.70062133e+00
 -8.58662750e+00 -7.15193647e-01 -3.32862739e+00
 -7.71175357e+00 -1.07944020e+00 -3.17526488e+00
 -7.20141045e+00 -1.29191735e+00 -3.08580341e+00
 -9.89893063e+00 -4.91424552e-01 -4.32491444e+00
 -1.03363598e+01 -6.31902007e-01 -5.16783898e+00
 -1.05915269e+01 -7.13847189e-01 -5.65954496e+00
  4.50546013e+00 -3.10032215e+00  4.25373375e+00
  3.90142610e+00 -2.44100716e+00  4.60308549e+00
  3.29739208e+00 -1.78169218e+00  4.95243724e+00
  2.94503890e+00 -1.39709177e+00  5.15622576e+00
  4.76063947e+00 -3.85171753e+00  4.79400080e+00
  5.01581881e+00 -4.60311291e+00  5.33426785e+00
  5.16467342e+00 -5.04142688e+00  5.64942363e+00
  4.85431482e+00 -3.00824176e+00  3.36411495e+00
  5.20316950e+00 -2.91616137e+00  2.47449615e+00
  5.40666807e+00 -2.86244780e+00  1.95555185e+00
 -3.26298084e-01 -2.34191740e+00  2.53916196e-01
  4.33974597e-01 -2.87639183e+00  4.94587207e-01
  1.19424728e+00 -3.41086626e+00  7.35258218e-01
  1.63773968e+00 -3.72264301e+00  8.75649641e-01
 -1.02975992e+00 -2.19390669e+00  8.90182083e-01
 -1.73322175e+00 -2.04589598e+00  1.52644797e+00
 -2.14357448e+00 -1.95955639e+00  1.89760307e+00
 -3.83108932e-01 -1.95545369e+00 -6.23020703e-01
 -4.39919781e-01 -1.56898997e+00 -1.49995760e+00
 -4.73059442e-01 -1.34355280e+00 -2.01150413e+00
 -3.68586848e+00  5.08480466e+00  6.34729109e+00
 -3.43746405e+00  5.62398919e+00  7.10172815e+00
 -3.18905962e+00  6.16317372e+00  7.85616521e+00
 -3.04415704e+00  6.47769803e+00  8.29625350e+00
 -3.29412694e+00  4.21651572e+00  6.22807322e+00
 -2.90238540e+00  3.34822679e+00  6.10885536e+00
 -2.67386950e+00  2.84172492e+00  6.03931161e+00
 -4.32601445e+00  5.41390905e+00  5.71207189e+00
 -4.96616042e+00  5.74301345e+00  5.07685268e+00
 -5.33957890e+00  5.93499102e+00  4.70630815e+00
  1.04477828e-01 -7.25735652e+00  6.94949673e+00
  9.29059059e-01 -7.02373067e+00  7.38202968e+00
  1.75364029e+00 -6.79010483e+00  7.81456264e+00
  2.23464601e+00 -6.65382308e+00  8.06687353e+00
 -1.29409113e-01 -6.85220981e+00  6.11119306e+00
 -3.63296054e-01 -6.44706310e+00  5.27288939e+00
 -4.99730104e-01 -6.21072752e+00  4.78387892e+00
 -4.86216461e-01 -7.89612908e+00  7.35526744e+00
 -1.07691075e+00 -8.53490164e+00  7.76103816e+00
 -1.42148242e+00 -8.90751897e+00  7.99773774e+00
  7.85246010e+00  7.06553702e+00 -4.49227701e+00
  8.45627896e+00  6.45145850e+00 -4.91643542e+00
  9.06009782e+00  5.83737999e+00 -5.34059383e+00
  9.41232549e+00  5.47916752e+00 -5.58801958e+00
  7.85734395e+00  7.99268441e+00 -4.74122252e+00
  7.86222780e+00  8.91983180e+00 -4.99016803e+00
  7.86507671e+00  9.46066777e+00 -5.13538624e+00
  7.24375738e+00  6.75246814e+00 -3.81917309e+00
  6.63505467e+00  6.43939927e+00 -3.14606917e+00
  6.27997809e+00  6.25677576e+00 -2.75342521e+00
  2.86201415e+00 -4.76208565e+00 -5.63975217e-01
  1.90729268e+00 -4.69717672e+00 -4.87204387e-01
  9.52571220e-01 -4.63226780e+00 -4.10433558e-01
  3.95650367e-01 -4.59440425e+00 -3.65650574e-01
  3.42038646e+00 -4.06524055e+00 -2.11516335e-01
  3.97875877e+00 -3.36839545e+00  1.40942546e-01
  4.30447595e+00 -2.96190247e+00  3.46543561e-01
  3.25836330e+00 -5.52383969e+00 -9.93204928e-01
  3.65471245e+00 -6.28559372e+00 -1.42243464e+00
  3.88591612e+00 -6.72995024e+00 -1.67281864e+00
  8.47219729e+00 -6.15291718e+00  5.71380375e+00
  8.43562871e+00 -6.02875252e+00  6.66503762e+00
  8.39906014e+00 -5.90458785e+00  7.61627149e+00
  8.37772847e+00 -5.83215846e+00  8.17115791e+00
  8.39599499e+00 -7.03450761e+00  5.34152492e+00
  8.31979269e+00 -7.91609804e+00  4.96924609e+00
  8.27534135e+00 -8.43035912e+00  4.75208344e+00
  8.58496816e+00 -5.39549142e+00  5.13484870e+00
  8.69773903e+00 -4.63806565e+00  4.55589366e+00
  8.76352204e+00 -4.19623396e+00  4.21816988e+00
  7.08008740e+00  1.00826577e+00  2.68881413e+00
  7.01546054e+00  4.55965023e-01  3.47136589e+00
  6.95083367e+00 -9.63357277e-02  4.25391764e+00
  6.91313467e+00 -4.18511166e-01  4.71040616e+00
  7.44532719e+00  6.49323374e-01  1.87680412e+00
  7.81056697e+00  2.90380973e-01  1.06479412e+00
  8.02362351e+00  8.09979065e-02  5.91121613e-01
  6.77947447e+00  1.91950893e+00  2.71827238e+00
  6.47886155e+00  2.83075208e+00  2.74773064e+00
  6.30350401e+00  3.36231058e+00  2.76491462e+00
  1.94811577e+00  8.02599377e+00  7.10112600e+00
  2.56813294e+00  7.37764954e+00  6.75932419e+00
  3.18815010e+00  6.72930532e+00  6.41752237e+00
  3.54982678e+00  6.35110452e+00  6.21813798e+00
  1.51556135e+00  8.63888576e+00  6.50207668e+00
  1.08300694e+00  9.25177774e+00  5.90302736e+00
  8.30683524e-01  9.60929807e+00  5.55358193e+00
  1.76065303e+00  8.06144601e+00  8.04197714e+00
  1.57319029e+00  8.09689825e+00  8.98282827e+00
  1.46383702e+00  8.11757872e+00  9.53165810e+00
  4.78920773e+00 -6.65130450e-01 -5.73154970e+00
  4.51269398e+00  2.33972874e-01 -5.53983805e+00
  4.23618023e+00  1.13307620e+00 -5.34812640e+00
  4.07488054e+00  1.65755314e+00 -5.23629460e+00
  5.68228556e+00 -8.37502574e-01 -6.03863249e+00
  6.57536339e+00 -1.00987470e+00 -6.34571529e+00
  7.09632546e+00 -1.11042510e+00 -6.52484691e+00
  4.17264366e+00 -1.39186165e+00 -5.61617856e+00
  3.55607958e+00 -2.11859285e+00 -5.50080742e+00
  3.19641720e+00 -2.54251938e+00 -5.43350759e+00
  7.24420045e-01  2.07915910e+00 -5.04570354e+00
  9.53176736e-01  1.39347707e+00 -4.41395159e+00
  1.18193343e+00  7.07795041e-01 -3.78219964e+00
  1.31537483e+00  3.07813856e-01 -3.41367766e+00
  1.39589684e+00  2.69317588e+00 -5.35181188e+00
  2.06737364e+00  3.30719265e+00 -5.65792022e+00
  2.45906843e+00  3.66536910e+00 -5.83648342e+00
 -1.75813441e-01  2.15082436e+00 -5.37134715e+00
 -1.07604693e+00  2.22248962e+00 -5.69699076e+00
 -1.60118313e+00  2.26429435e+00 -5.88694954e+00
 -6.66325818e+00 -2.00203644e+00  2.20020164e+00
 -6.85251052e+00 -1.31184646e+00  2.84006205e+00
 -7.04176285e+00 -6.21656474e-01  3.47992245e+00
 -7.15216004e+00 -2.19045650e-01  3.85317436e+00
 -6.54526057e+00 -1.77868992e+00  1.27403055e+00
 -6.42726297e+00 -1.55534339e+00  3.47859454e-01
 -6.35843103e+00 -1.42505792e+00 -1.92407017e-01
 -6.59200346e+00 -2.91557295e+00  2.48651233e+00
 -6.52074873e+00 -3.82910946e+00  2.77282302e+00
 -6.47918348e+00 -4.36200576e+00  2.93983758e+00
 -4.20560402e+00  1.10936231e+00  6.36315960e+00
 -4.86026749e+00  8.56064034e-01  5.70828884e+00
 -5.51493096e+00  6.02765756e-01  5.05341807e+00
 -5.89681799e+00  4.55008427e-01  4.67141013e+00
 -4.46577083e+00  1.63364689e+00  7.12410566e+00
 -4.72593765e+00  2.15793147e+00  7.88505173e+00
 -4.87770162e+00  2.46376414e+00  8.32893693e+00
 -3.29077373e+00  8.38376010e-01  6.25708431e+00
 -2.37594344e+00  5.67389709e-01  6.15100901e+00
 -1.84229244e+00  4.09314366e-01  6.08913176e+00
  8.45812753e+00 -2.25785933e+00 -2.15487138e-01
  7.63915890e+00 -2.74463511e+00 -9.74205491e-02
  6.82019026e+00 -3.23141089e+00  2.06460398e-02
  6.34245856e+00 -3.51536342e+00  8.95182167e-02
  8.43757140e+00 -1.35684277e+00 -5.46163103e-01
  8.41701528e+00 -4.55826200e-01 -8.76839068e-01
  8.40502420e+00  6.97667972e-02 -1.06973338e+00
  9.29765229e+00 -2.67210012e+00 -2.87776210e-03
  1.01371770e+01 -3.08634091e+00  2.09731614e-01
  1.06268998e+01 -3.32798137e+00  3.33753750e-01
  5.83420452e+00  2.72816993e+00 -8.55215624e-01
  6.39690741e+00  1.99298879e+00 -6.01298022e-01
  6.95961030e+00  1.25780766e+00 -3.47380420e-01
  7.28785366e+00  8.28951991e-01 -1.99261819e-01
  5.20437033e+00  3.08972773e+00 -2.27374195e-01
  4.57453615e+00  3.45128553e+00  4.00467233e-01
  4.20713288e+00  3.66219424e+00  7.66708067e-01
  5.90133581e+00  3.10179327e+00 -1.73697465e+00
  5.96846710e+00  3.47541662e+00 -2.61873368e+00
  6.00762702e+00  3.69336357e+00 -3.13309312e+00
  5.73729169e+00 -4.25784188e+00 -6.23401731e+00
  4.89801641e+00 -4.03329833e+00 -6.64242544e+00
  4.05874113e+00 -3.80875477e+00 -7.05083356e+00
  3.56916389e+00 -3.67777103e+00 -7.28907163e+00
  6.55782971e+00 -4.10679909e+00 -6.70888933e+00
  7.37836773e+00 -3.95575630e+00 -7.18376134e+00
  7.85701491e+00 -3.86764800e+00 -7.46077002e+00
  5.75602895e+00 -4.63342823e+00 -5.35073717e+00
  5.77476621e+00 -5.00901458e+00 -4.46745703e+00
  5.78569628e+00 -5.22810662e+00 -3.95221028e+00
 -1.14377398e+00 -9.63962518e+00  2.61349324e+00
 -7.96239662e-01 -8.96659807e+00  3.20328507e+00
 -4.48705349e-01 -8.29357096e+00  3.79307690e+00
 -2.45976999e-01 -7.90097181e+00  4.13712214e+00
 -2.07984529e+00 -9.85223745e+00  2.62639732e+00
 -3.01591661e+00 -1.00648497e+01  2.63930141e+00
 -3.56195821e+00 -1.01888735e+01  2.64682879e+00
 -5.55236974e-01 -1.01000400e+01  2.01079732e+00
  3.33000282e-02 -1.05604549e+01  1.40810140e+00
  3.76613279e-01 -1.08290302e+01  1.05652878e+00
  6.94120965e+00  3.72859890e-01  7.64034879e+00
  7.53981680e+00 -1.60526424e-01  7.11236345e+00
  8.13842395e+00 -6.93912738e-01  6.58437811e+00
  8.48761146e+00 -1.00505475e+00  6.27638666e+00
  6.02901288e+00  4.86834566e-01  7.36375012e+00
  5.11681611e+00  6.00809243e-01  7.08715145e+00
  4.58470133e+00  6.67294471e-01  6.92580222e+00
  7.25479927e+00  7.92271527e-01  8.44493280e+00
  7.56838889e+00  1.21168316e+00  9.24951681e+00
  7.75131617e+00  1.45633995e+00  9.71885748e+00
 -1.96415341e+00  4.13460153e+00  3.20188401e+00
 -1.43203787e+00  4.70757185e+00  3.75880237e+00
 -8.99922326e-01  5.28054216e+00  4.31572074e+00
 -5.89521593e-01  5.61477484e+00  4.64058979e+00
 -2.84459091e+00  3.87487975e+00  3.48290786e+00
 -3.72502840e+00  3.61515796e+00  3.76393172e+00
 -4.23861694e+00  3.46365359e+00  3.92786231e+00
 -1.61583146e+00  3.82135300e+00  2.36394178e+00
 -1.26750950e+00  3.50810447e+00  1.52599955e+00
 -1.06432169e+00  3.32537617e+00  1.03719992e+00
  9.80745194e+00  9.47715080e+00 -8.73694900e+00
  9.70654417e+00  1.00191119e+01 -9.52288521e+00
  9.60563640e+00  1.05610731e+01 -1.03088214e+01
  9.54677353e+00  1.08772171e+01 -1.07672842e+01
  9.87801265e+00  9.89160650e+00 -7.87390343e+00
  9.94857337e+00  1.03060622e+01 -7.01085786e+00
  9.98973378e+00  1.05478280e+01 -6.50741461e+00
  9.83779899e+00  8.52073394e+00 -8.81405836e+00
  9.86814605e+00  7.56431708e+00 -8.89116771e+00
  9.88584850e+00  7.00640725e+00 -8.93614817e+00
 -3.23243993e+00  6.55221482e+00 -6.29046316e+00
 -3.09677749e+00  6.47618474e+00 -7.23778313e+00
 -2.96111506e+00  6.40015465e+00 -8.18510310e+00
 -2.88197864e+00  6.35580377e+00 -8.73770642e+00
 -4.11673866e+00  6.68543719e+00 -5.94136783e+00
 -5.00103740e+00  6.81865957e+00 -5.59227251e+00
 -5.51687833e+00  6.89637262e+00 -5.38863357e+00
 -2.48380363e+00  6.49502253e+00 -5.69223851e+00
 -1.73516732e+00  6.43783024e+00 -5.09401386e+00
 -1.29846282e+00  6.40446807e+00 -4.74504948e+00
  2.30527742e-01  8.48715326e+00 -1.64843162e+00
 -3.93883027e-01  8.90709821e+00 -1.05231298e+00
 -1.01829380e+00  9.32704317e+00 -4.56194345e-01
 -1.38253341e+00  9.57201106e+00 -1.08458475e-01
  9.77491426e-02  8.53999200e+00 -2.59773552e+00
 -3.50294567e-02  8.59283074e+00 -3.54703943e+00
 -1.12483640e-01  8.62365334e+00 -4.10080005e+00
  9.87717110e-01  8.01436956e+00 -1.29524634e+00
  1.74490648e+00  7.54158587e+00 -9.42061068e-01
  2.18660028e+00  7.26579538e+00 -7.36036325e-01
 -8.00403458e+00  2.58986855e+00  4.91550210e+00
 -8.54585129e+00  1.91249341e+00  5.32683843e+00
 -9.08766799e+00  1.23511827e+00  5.73817477e+00
 -9.40372773e+00  8.39982770e-01  5.97812097e+00
 -8.17641649e+00  3.51704401e+00  5.09502966e+00
 -8.34879840e+00  4.44421947e+00  5.27455722e+00
 -8.44935451e+00  4.98507182e+00  5.37928163e+00
 -7.28983598e+00  2.34006823e+00  4.32463820e+00
 -6.57563737e+00  2.09026790e+00  3.73377430e+00
 -6.15902151e+00  1.94455105e+00  3.38910369e+00
 -3.95088487e+00  3.72776693e-01 -7.02444911e+00
 -3.84986125e+00  3.92148398e-01 -6.06997597e+00
 -3.74883762e+00  4.11520104e-01 -5.11550284e+00
 -3.68990718e+00  4.22820266e-01 -4.55872684e+00
 -4.38530008e+00 -3.72253664e-01 -7.44612813e+00
 -4.81971529e+00 -1.11728402e+00 -7.86780714e+00
 -5.07312416e+00 -1.55188506e+00 -8.11378657e+00
 -3.61749328e+00  1.09843534e+00 -7.55724323e+00
 -3.28410170e+00  1.82409399e+00 -8.09003734e+00
 -3.08962327e+00  2.24739487e+00 -8.40083391e+00
 -6.30829110e+00 -8.06191415e+00  4.77339330e+00
 -6.56288802e+00 -8.94519278e+00  5.05015903e+00
 -6.81748493e+00 -9.82847142e+00  5.32692476e+00
 -6.96599980e+00 -1.03437173e+01  5.48837144e+00
 -6.16469967e+00 -7.87308749e+00  3.84316430e+00
 -6.02110823e+00 -7.68426083e+00  2.91293530e+00
 -5.93734656e+00 -7.57411195e+00  2.37030171e+00
 -6.19728563e+00 -7.36746218e+00  5.42685656e+00
 -6.08628015e+00 -6.67301021e+00  6.08031983e+00
 -6.02152695e+00 -6.26791322e+00  6.46150674e+00
  2.35913091e+00  7.84270649e+00  4.38758718e+00
  2.61742220e+00  8.58360647e+00  4.94071722e+00
  2.87571349e+00  9.32450645e+00  5.49384725e+00
  3.02638341e+00  9.75669810e+00  5.81650644e+00
  2.77231872e+00  6.98493968e+00  4.51051776e+00
  3.18550654e+00  6.12717287e+00  4.63344834e+00
  3.42653276e+00  5.62680890e+00  4.70515785e+00
  1.68765181e+00  7.95957333e+00  3.71152657e+00
  1.01617270e+00  8.07644017e+00  3.03546595e+00
  6.24476557e-01  8.14461249e+00  2.64109726e+00
  3.85568530e+00 -6.29382712e-01  1.61420100e+00
  2.98755233e+00 -8.55212808e-01  1.95617456e+00
  2.11941936e+00 -1.08104290e+00  2.29814812e+00
  1.61300846e+00 -1.21277713e+00  2.49763270e+00
  4.53857282e+00 -3.12224468e-01  2.20974720e+00
  5.22146035e+00  4.93377667e-03  2.80529340e+00
  5.61981141e+00  1.89942752e-01  3.15269535e+00
  4.04093074e+00 -7.20710860e-01  6.76681245e-01
  4.22617618e+00 -8.12039007e-01 -2.60838512e-01
  4.33423602e+00 -8.65313760e-01 -8.07725037e-01
  2.56702700e+00 -8.66674209e+00 -2.95309322e-01
  1.89357271e+00 -8.25656197e+00  2.52241211e-01
  1.22011842e+00 -7.84638184e+00  7.99791744e-01
  8.27270084e-01 -7.60711010e+00  1.11919622e+00
  2.62620682e+00 -8.44776672e+00 -1.22812631e+00
  2.68538665e+00 -8.22879135e+00 -2.16094330e+00
  2.71990821e+00 -8.10105571e+00 -2.70508654e+00
  3.18130146e+00 -9.29589759e+00  8.99571343e-02
  3.79557592e+00 -9.92505309e+00  4.75223590e-01
  4.15390269e+00 -1.02920605e+01  6.99962356e-01
  5.97181503e+00  6.01373876e+00  5.09695755e+00
  5.88702826e+00  6.68682484e+00  4.41771803e+00
  5.80224150e+00  7.35991092e+00  3.73847850e+00
  5.75278255e+00  7.75254447e+00  3.34225544e+00
  5.91795022e+00  6.25773177e+00  6.02386963e+00
  5.86408542e+00  6.50172478e+00  6.95078170e+00
  5.83266428e+00  6.64405403e+00  7.49148041e+00
  6.11046660e+00  5.09665968e+00  4.84928500e+00
  6.24911817e+00  4.17958059e+00  4.60161246e+00
  6.32999825e+00  3.64461779e+00  4.45713680e+00
  8.71052497e+00 -5.06562007e+00 -8.79930660e+00
  8.16313344e+00 -5.85031899e+00 -8.72050227e+00
  7.61574191e+00 -6.63501790e+00 -8.64169794e+00
  7.29643018e+00 -7.09275894e+00 -8.59572875e+00
  9.40083345e+00 -4.89516063e+00 -8.15431219e+00
  1.00911419e+01 -4.72470120e+00 -7.50931778e+00
  1.04938219e+01 -4.62526652e+00 -7.13307104e+00
  8.56760803e+00 -4.45138059e+00 -9.52310534e+00
  8.42469109e+00 -3.83714112e+00 -1.02469041e+01
  8.34132287e+00 -3.47883475e+00 -1.06691200e+01
 -6.27516328e+00  1.96584036e+00 -4.09657526e+00
 -6.12490921e+00  1.41656236e+00 -3.32371215e+00
 -5.97465513e+00  8.67284347e-01 -2.55084905e+00
 -5.88700692e+00  5.46872175e-01 -2.10001223e+00
 -6.69886539e+00  2.82206129e+00 -4.00190611e+00
 -7.12256749e+00  3.67828222e+00 -3.90723695e+00
 -7.36972705e+00  4.17774443e+00 -3.85201328e+00
 -6.00171526e+00  1.65889744e+00 -4.96410752e+00
 -5.72826724e+00  1.35195452e+00 -5.83163978e+00
 -5.56875589e+00  1.17290448e+00 -6.33770026e+00
 -2.40387434e+00 -4.61362577e+00  5.06210543e+00
 -2.65353085e+00 -4.32996471e+00  5.94460644e+00
 -2.90318736e+00 -4.04630365e+00  6.82710745e+00
 -3.04882033e+00 -3.88083469e+00  7.34189970e+00
 -3.08057956e+00 -4.77744668e+00  4.40117219e+00
 -3.75728479e+00 -4.94126759e+00  3.74023895e+00
 -4.15202950e+00 -5.03682979e+00  3.35469456e+00
 -1.47751261e+00 -4.73346592e+00  4.84053767e+00
 -5.51150870e-01 -4.85330608e+00  4.61896990e+00
 -1.07731919e-02 -4.92321283e+00  4.48972204e+00
 -8.00926284e-01  7.17557557e+00  1.38984880e+00
 -1.37601299e-01  6.49232306e+00  1.51136414e+00
  5.25723687e-01  5.80907056e+00  1.63287949e+00
  9.12663261e-01  5.41050660e+00  1.70376344e+00
 -1.73356937e+00  6.95049417e+00  1.42324403e+00
 -2.66621245e+00  6.72541278e+00  1.45663926e+00
 -3.21025425e+00  6.59411530e+00  1.47611981e+00
 -5.31608184e-01  8.08390947e+00  1.23493823e+00
 -2.62290084e-01  8.99224337e+00  1.08002766e+00
 -1.05187859e-01  9.52210482e+00  9.89663162e-01
 -5.17247893e+00 -8.00577028e+00 -2.06060147e+00
 -6.08341927e+00 -7.81938889e+00 -2.29945219e+00
 -6.99435961e+00 -7.63300750e+00 -2.53830292e+00
 -7.52574148e+00 -7.52428503e+00 -2.67763251e+00
 -4.71590150e+00 -8.75235194e+00 -2.45525685e+00
 -4.25932407e+00 -9.49893360e+00 -2.84991224e+00
 -3.99298723e+00 -9.93443957e+00 -3.08012788e+00
 -4.71811601e+00 -7.44557000e+00 -1.42709535e+00
 -4.26375310e+00 -6.88536973e+00 -7.93589243e-01
 -3.99870807e+00 -6.55858623e+00 -4.24044010e-01
 -1.10642313e+00  1.23543612e+00  8.06139012e+00
 -9.69759437e-01  2.05117282e+00  7.57405382e+00
 -8.33095745e-01  2.86690953e+00  7.08671753e+00
 -7.53375258e-01  3.34275594e+00  6.80243803e+00
 -1.16370018e+00  3.99853057e-01  7.59222033e+00
 -1.22097723e+00 -4.35730003e-01  7.12305054e+00
 -1.25438884e+00 -9.23153455e-01  6.84936817e+00
 -1.18580977e+00  1.25528247e+00  9.01789620e+00
 -1.26519641e+00  1.27512883e+00  9.97440228e+00
 -1.31150529e+00  1.28670587e+00  1.05323642e+01
 -5.52293742e+00  4.29118071e+00 -1.65727505e+00
 -5.60470865e+00  4.66163616e+00 -2.53913458e+00
 -5.68647988e+00  5.03209161e+00 -3.42099410e+00
 -5.73417976e+00  5.24819062e+00 -3.93541216e+00
 -5.67934653e+00  3.35498013e+00 -1.51352295e+00
 -5.83575564e+00  2.41877955e+00 -1.36977085e+00
 -5.92699429e+00  1.87266254e+00 -1.28591546e+00
 -5.28475707e+00  4.85692583e+00 -9.19167623e-01
 -5.04657673e+00  5.42267096e+00 -1.81060195e-01
 -4.90763820e+00  5.75268895e+00  2.49502471e-01
 -7.03460322e+00  8.93910120e+00 -1.46286766e+00
 -7.70582367e+00  8.44263395e+00 -9.88965367e-01
 -8.37704411e+00  7.94616670e+00 -5.15063076e-01
 -8.76858937e+00  7.65656081e+00 -2.38620074e-01
 -7.03672752e+00  8.95387492e+00 -2.42275162e+00
 -7.03885183e+00  8.96864864e+00 -3.38263559e+00
 -7.04009101e+00  8.97726665e+00 -3.94256790e+00
 -6.36125847e+00  9.42079474e+00 -9.76885983e-01
 -5.68791372e+00  9.90248827e+00 -4.90904310e-01
 -5.29512928e+00  1.01834762e+01 -2.07415000e-01
  1.76680576e+00  5.00450045e-01  6.00213332e+00
  1.36635314e+00  1.36889212e+00  6.08607421e+00
  9.65900528e-01  2.23733419e+00  6.17001509e+00
  7.32303169e-01  2.74392540e+00  6.21898060e+00
  1.86569020e+00  9.91947325e-02  5.13563691e+00
  1.96457463e+00 -3.02060581e-01  4.26914049e+00
  2.02225722e+00 -5.36126180e-01  3.76368425e+00
  2.06837394e+00  3.32632875e-02  6.78468886e+00
  2.36994212e+00 -4.33923470e-01  7.56724440e+00
  2.54585689e+00 -7.06449079e-01  8.02373512e+00
  1.34362334e+00 -5.18290246e+00 -5.66272105e+00
  2.14197015e+00 -5.43930528e+00 -6.13016085e+00
  2.94031696e+00 -5.69570811e+00 -6.59760065e+00
  3.40601926e+00 -5.84527642e+00 -6.87027387e+00
  1.21371672e+00 -4.26865351e+00 -5.40028415e+00
  1.08381009e+00 -3.35440456e+00 -5.13784726e+00
  1.00803123e+00 -2.82109267e+00 -4.98475907e+00
  6.75183158e-01 -5.84074859e+00 -5.45771814e+00
  6.74297432e-03 -6.49859472e+00 -5.25271523e+00
 -3.83180466e-01 -6.88233829e+00 -5.13313020e+00
  4.00635208e+00  3.70094093e+00 -3.30085498e+00
  3.05470396e+00  3.66073328e+00 -3.42064318e+00
  2.10305585e+00  3.62052564e+00 -3.54043138e+00
  1.54792778e+00  3.59707118e+00 -3.61030783e+00
  4.37291503e+00  4.02636088e+00 -2.47542572e+00
  4.73947799e+00  4.35178083e+00 -1.64999646e+00
  4.95330638e+00  4.54160913e+00 -1.16849607e+00
  4.59143724e+00  3.41572862e+00 -4.00649603e+00
  5.17652240e+00  3.13051632e+00 -4.71213709e+00
  5.51782207e+00  2.96414247e+00 -5.12376104e+00
  1.24178635e+00  6.25173565e+00 -9.28688130e+00
  1.81622299e+00  5.77201064e+00 -9.88811874e+00
  2.39065963e+00  5.29228563e+00 -1.04893562e+01
  2.72574767e+00  5.01244604e+00 -1.08400780e+01
  8.27013613e-01  7.07002730e+00 -9.56965748e+00
  4.12240880e-01  7.88831894e+00 -9.85243366e+00
  1.70290120e-01  8.36565573e+00 -1.00173864e+01
  1.08212243e+00  5.91316902e+00 -8.40286769e+00
  9.22458523e-01  5.57460239e+00 -7.51885407e+00
  8.29321241e-01  5.37710519e+00 -7.00317946e+00
 -6.41042881e+00 -3.22774627e+00  8.42737862e+00
 -6.64027040e+00 -2.68932574e+00  9.18821774e+00
 -6.87011199e+00 -2.15090520e+00  9.94905687e+00
 -7.00418625e+00 -1.83682656e+00  1.03928797e+01
 -5.72744024e+00 -3.89818150e+00  8.50249998e+00
 -5.04445167e+00 -4.56861673e+00  8.57762134e+00
 -4.64604167e+00 -4.95970394e+00  8.62144213e+00
 -6.86357579e+00 -3.09573157e+00  7.59141813e+00
 -7.31672277e+00 -2.96371688e+00  6.75545764e+00
 -7.58105851e+00 -2.88670831e+00  6.26781403e+00
  7.35248876e+00  4.53576716e+00  1.26902622e+00
  6.41667695e+00  4.46353595e+00  1.47061717e+00
  5.48086514e+00  4.39130474e+00  1.67220812e+00
  4.93497492e+00  4.34916987e+00  1.78980284e+00
  7.98853469e+00  4.65422096e+00  1.97826121e+00
  8.62458062e+00  4.77267477e+00  2.68749620e+00
  8.99560741e+00  4.84177282e+00  3.10121662e+00
  7.65225464e+00  4.48954456e+00  3.58200285e-01
  7.95202052e+00  4.44332197e+00 -5.52625652e-01
  8.12688395e+00  4.41635879e+00 -1.08394078e+00
  1.60216884e+00  5.69678141e-03 -5.60154736e+00
  1.51234493e+00  7.37313255e-01 -6.21658313e+00
  1.42252102e+00  1.46892973e+00 -6.83161890e+00
  1.37012374e+00  1.89570601e+00 -7.19038977e+00
  2.31655515e+00  2.66313647e-03 -4.96026504e+00
  3.03094145e+00 -3.70508478e-04 -4.31898273e+00
  3.44766679e+00 -2.14013470e-03 -3.94490138e+00
  9.77606452e-01 -7.22886048e-01 -5.62779390e+00
  3.53044061e-01 -1.45146888e+00 -5.65404045e+00
 -1.12840001e-02 -1.87647553e+00 -5.66935093e+00
 -4.49274272e+00 -2.50081647e+00 -4.83119181e+00
 -4.76543756e+00 -2.61271821e+00 -5.74481948e+00
 -5.03813239e+00 -2.72461996e+00 -6.65844716e+00
 -5.19720437e+00 -2.78989598e+00 -7.19139664e+00
 -3.71472357e+00 -2.95759120e+00 -4.50310183e+00
 -2.93670441e+00 -3.41436593e+00 -4.17501185e+00
 -2.48285991e+00 -3.68081786e+00 -3.98362602e+00
 -4.99806705e+00 -1.93213999e+00 -4.24565412e+00
 -5.50339137e+00 -1.36346351e+00 -3.66011642e+00
 -5.79816389e+00 -1.03173556e+00 -3.31855277e+00
  1.81240804e+00 -4.07986869e+00  7.20245270e+00
  2.62095476e+00 -4.09836044e+00  6.68523877e+00
  3.42950148e+00 -4.11685218e+00  6.16802483e+00
  3.90115374e+00 -4.12763904e+00  5.86631670e+00
  1.85458194e+00 -3.97215822e+00  8.15545838e+00
  1.89675584e+00 -3.86444774e+00  9.10846405e+00
  1.92135728e+00 -3.80161662e+00  9.66438403e+00
  9.61687418e-01 -4.16908743e+00  6.76666096e+00
  1.10966796e-01 -4.25830616e+00  6.33086922e+00
 -3.85286901e-01 -4.31035042e+00  6.07665737e+00
  2.61632377e+00  6.88371000e+00 -3.74464599e+00
  2.23431033e+00  6.37032777e+00 -4.46026070e+00
  1.85229688e+00  5.85694553e+00 -5.17587540e+00
  1.62945570e+00  5.55747256e+00 -5.59331732e+00
  3.38545008e+00  6.55358632e+00 -3.27447253e+00
  4.15457639e+00  6.22346264e+00 -2.80429908e+00
  4.60323340e+00  6.03089050e+00 -2.53003123e+00
  2.22921091e+00  7.72721591e+00 -3.49920474e+00
  1.84209805e+00  8.57072183e+00 -3.25376349e+00
  1.61628222e+00  9.06276694e+00 -3.11058943e+00
  5.39626636e+00 -3.08534582e+00 -2.03634196e+00
  5.63079323e+00 -2.49700779e+00 -1.31491595e+00
  5.86532011e+00 -1.90866975e+00 -5.93489928e-01
  6.00212746e+00 -1.56547256e+00 -1.72658085e-01
  5.97386255e+00 -3.81685774e+00 -2.26628313e+00
  6.55145875e+00 -4.54836967e+00 -2.49622431e+00
  6.88838987e+00 -4.97508495e+00 -2.63035666e+00
  4.58414328e+00 -2.94217194e+00 -2.52782681e+00
  3.77202021e+00 -2.79899806e+00 -3.01931165e+00
  3.29828175e+00 -2.71547996e+00 -3.30601114e+00
 -5.32691422e+00  3.82419099e+00 -7.73071087e+00
 -4.37485928e+00  3.93663465e+00 -7.68023491e+00
 -3.42280435e+00  4.04907831e+00 -7.62975895e+00
 -2.86743897e+00  4.11467044e+00 -7.60031464e+00
 -5.69766014e+00  3.08216101e+00 -8.21396957e+00
 -6.06840606e+00  2.34013103e+00 -8.69722828e+00
 -6.28467452e+00  1.90728021e+00 -8.97912919e+00
 -5.90822323e+00  4.45377730e+00 -7.29792813e+00
 -6.48953224e+00  5.08336362e+00 -6.86514539e+00
 -6.82862917e+00  5.45062230e+00 -6.61268879e+00
 -4.27748562e-01 -8.12161970e+00 -1.04444407e+00
  1.03056039e-01 -8.88732953e+00 -8.13067927e-01
  6.33860641e-01 -9.65303937e+00 -5.81691779e-01
  9.43496659e-01 -1.00997034e+01 -4.46722360e-01
 -9.12826450e-01 -8.10637699e+00 -1.87273575e+00
 -1.39790434e+00 -8.09113429e+00 -2.70102743e+00
 -1.68086644e+00 -8.08224271e+00 -3.18419758e+00
 -4.73475277e-01 -7.37115256e+00 -4.47528544e-01
 -5.19201992e-01 -6.62068543e+00  1.49386986e-01
 -5.45875909e-01 -6.18291294e+00  4.97587712e-01
 -7.88655667e+00  8.83221386e+00 -5.48834465e+00
 -8.26188227e+00  9.54675173e+00 -4.96856938e+00
 -8.63720787e+00  1.02612896e+01 -4.44879412e+00
 -8.85614780e+00  1.06781034e+01 -4.14559188e+00
 -7.76509575e+00  8.93943587e+00 -6.43457437e+00
 -7.64363484e+00  9.04665789e+00 -7.38080409e+00
 -7.57278264e+00  9.10920407e+00 -7.93277143e+00
 -7.63269198e+00  8.01045397e+00 -5.06189019e+00
 -7.37882729e+00  7.18869408e+00 -4.63543573e+00
 -7.23073956e+00  6.70933414e+00 -4.38667063e+00
  6.38499599e+00  4.05265735e+00  9.10333336e+00
  5.55435296e+00  3.65758056e+00  9.37819057e+00
  4.72370993e+00  3.26250377e+00  9.65304778e+00
  4.23916816e+00  3.03204231e+00  9.81338115e+00
  6.98333516e+00  4.41748063e+00  9.75945394e+00
  7.58167433e+00  4.78230391e+00  1.04155745e+01
  7.93070551e+00  4.99511749e+00  1.07983115e+01
  6.61729985e+00  4.08291085e+00  8.17235557e+00
  6.84960372e+00  4.11316436e+00  7.24137779e+00
  6.98511430e+00  4.13081224e+00  6.69830741e+00
  5.10969499e+00 -6.89984061e+00  1.18725641e+00
  4.60587263e+00 -7.32217737e+00  4.87688911e-01
  4.10205026e+00 -7.74451413e+00 -2.11878592e-01
  3.80815389e+00 -7.99087723e+00 -6.19959635e-01
  5.34612511e+00 -5.97217126e+00  1.11562981e+00
  5.58255523e+00 -5.04450191e+00  1.04400320e+00
  5.72047280e+00 -4.50336145e+00  1.00222101e+00
  5.37708723e+00 -7.40517321e+00  1.95845052e+00
  5.64447947e+00 -7.91050580e+00  2.72964463e+00
  5.80045828e+00 -8.20528315e+00  3.17950787e+00
 -3.29309994e+00 -7.05899857e+00  3.69376159e+00
 -2.46131426e+00 -6.58451157e+00  3.62597751e+00
 -1.62952859e+00 -6.11002457e+00  3.55819343e+00
 -1.14432028e+00 -5.83324048e+00  3.51865271e+00
 -4.02385560e+00 -6.83193555e+00  3.11407328e+00
 -4.75461126e+00 -6.60487253e+00  2.53438496e+00
 -5.18088540e+00 -6.47241911e+00  2.19623344e+00
 -3.39412994e+00 -7.76054859e+00  4.34123399e+00
 -3.49515995e+00 -8.46209861e+00  4.98870639e+00
 -3.55409412e+00 -8.87133612e+00  5.36639862e+00
  8.02901568e+00  4.74543426e+00 -3.36511514e+00
  8.18807114e+00  5.55399604e+00 -2.87264260e+00
  8.34712661e+00  6.36255782e+00 -2.38017006e+00
  8.43990896e+00  6.83421886e+00 -2.09289441e+00
  8.68506801e+00  4.04458784e+00 -3.36201056e+00
  9.34112034e+00  3.34374143e+00 -3.35890599e+00
  9.72381754e+00  2.93491435e+00 -3.35709498e+00
  7.21390788e+00  4.63771889e+00 -3.86069225e+00
  6.39880008e+00  4.53000352e+00 -4.35626937e+00
  5.92332053e+00  4.46716956e+00 -4.64535602e+00
 -8.39225057e+00 -1.27080274e+00 -8.08637269e+00
 -8.49883630e+00 -3.34929796e-01 -7.90095070e+00
 -8.60542203e+00  6.00943149e-01 -7.71552872e+00
 -8.66759703e+00  1.14686903e+00 -7.60736589e+00
 -9.03174311e+00 -1.90271058e+00 -7.74970998e+00
 -9.67123565e+00 -2.53461841e+00 -7.41304727e+00
 -1.00442730e+01 -2.90323131e+00 -7.21666069e+00
 -7.64617230e+00 -1.57476785e+00 -8.60845738e+00
 -6.90009403e+00 -1.87873297e+00 -9.13054207e+00
 -6.46488171e+00 -2.05604595e+00 -9.43509148e+00
 -4.57438784e+00 -5.79454742e-01  1.17310335e-01
 -5.13607681e+00 -1.26242060e-01  7.50321996e-01
 -5.69776579e+00  3.26970623e-01  1.38333366e+00
 -6.02541769e+00  5.91344688e-01  1.75259046e+00
 -3.99354329e+00 -1.28544445e+00  4.10223529e-01
 -3.41269874e+00 -1.99143416e+00  7.03136723e-01
 -3.07387275e+00 -2.40326149e+00  8.74002753e-01
 -4.59354342e+00 -3.26677717e-01 -8.08614522e-01
 -4.61269900e+00 -7.39006911e-02 -1.73453938e+00
 -4.62387309e+00  7.35525739e-02 -2.27466221e+00
  8.62785123e-02 -5.78955894e+00 -8.36469344e+00
 -2.42156599e-01 -4.88781059e+00 -8.34060427e+00
 -5.70591710e-01 -3.98606224e+00 -8.31651509e+00
 -7.62178858e-01 -3.46004237e+00 -8.30246308e+00
  1.02848500e+00 -5.95929154e+00 -8.29371610e+00
  1.97069148e+00 -6.12902415e+00 -8.22273875e+00
  2.52031193e+00 -6.22803483e+00 -8.18133530e+00
 -5.27492862e-01 -6.52157469e+00 -8.45975996e+00
 -1.14126424e+00 -7.25359044e+00 -8.55482648e+00
 -1.49929754e+00 -7.68059963e+00 -8.61028195e+00
  3.47107890e+00  3.85345338e+00  3.60491594e+00
  2.95719259e+00  4.43235413e+00  3.03711775e+00
  2.44330628e+00  5.01125488e+00  2.46931956e+00
  2.14353927e+00  5.34894698e+00  2.13810395e+00
  4.09291467e+00  3.23169805e+00  3.21976586e+00
  4.71475045e+00  2.60994273e+00  2.83461579e+00
  5.07748799e+00  2.24725212e+00  2.60994491e+00
  3.36312942e+00  3.89630795e+00  4.55786421e+00
  3.25517995e+00  3.93916252e+00  5.51081247e+00
  3.19220943e+00  3.96416102e+00  6.06669896e+00
 -3.08515445e+00 -1.88234993e+00  7.92940210e+00
 -3.05545022e+00 -1.65930256e+00  8.86265851e+00
 -3.02574600e+00 -1.43625520e+00  9.79591492e+00
 -3.00841854e+00 -1.30614424e+00  1.03403145e+01
 -3.88506671e+00 -1.72312864e+00  7.42305345e+00
 -4.68497898e+00 -1.56390734e+00  6.91670481e+00
 -5.15159447e+00 -1.47102826e+00  6.62133477e+00
 -2.31494640e+00 -2.26461858e+00  7.50249433e+00
 -1.54473836e+00 -2.64688724e+00  7.07558655e+00
 -1.09545034e+00 -2.86987729e+00  6.82655702e+00
